#GRID SCAQMD_4k -684000. -564000. 4000. 4000. 156 102 1 LAMBERT METERS 30. 60. -120.5 -120.5 37.
110;06060;88;41;0.00028980
110;06060;87;42;0.00121613
110;06060;88;42;0.00435431
110;06060;85;43;0.00236275
110;06060;86;43;0.00638304
110;06060;87;43;0.00741724
110;06060;88;43;0.00646912
110;06060;84;44;0.00087330
110;06060;85;44;0.01101218
110;06060;86;44;0.00858389
110;06060;87;44;0.00520066
110;06060;88;44;0.00250087
110;06060;83;45;0.00096226
110;06060;84;45;0.00566873
110;06060;85;45;0.00885851
110;06060;86;45;0.00807900
110;06060;87;45;0.00142376
110;06060;82;46;0.00285919
110;06060;83;46;0.00175310
110;06060;84;46;0.00425001
110;06060;85;46;0.01391109
110;06060;86;46;0.01142681
110;06060;87;46;0.00198760
110;06060;88;46;0.00143464
110;06060;80;47;0.00308382
110;06060;81;47;0.00783156
110;06060;82;47;0.00982258
110;06060;83;47;0.00614288
110;06060;84;47;0.00827880
110;06060;85;47;0.01765481
110;06060;86;47;0.01214309
110;06060;87;47;0.00944393
110;06060;88;47;0.00397574
110;06060;78;48;0.00105831
110;06060;79;48;0.01137892
110;06060;80;48;0.01478566
110;06060;81;48;0.01225760
110;06060;82;48;0.00704016
110;06060;83;48;0.00553980
110;06060;84;48;0.00576944
110;06060;85;48;0.00727837
110;06060;86;48;0.00998478
110;06060;87;48;0.01079246
110;06060;88;48;0.00696558
110;06060;89;48;0.00088392
110;06060;77;49;0.00092766
110;06060;78;49;0.01399037
110;06060;79;49;0.01652125
110;06060;80;49;0.01650967
110;06060;81;49;0.01602777
110;06060;82;49;0.00583421
110;06060;83;49;0.00568978
110;06060;84;49;0.00553980
110;06060;85;49;0.00545144
110;06060;86;49;0.00748302
110;06060;87;49;0.00636744
110;06060;88;49;0.00056976
110;06060;89;49;0.00041786
110;06060;76;50;0.00069463
110;06060;77;50;0.01057952
110;06060;78;50;0.01734356
110;06060;79;50;0.01592923
110;06060;80;50;0.01504544
110;06060;81;50;0.01852261
110;06060;82;50;0.01667337
110;06060;83;50;0.01124019
110;06060;84;50;0.00551150
110;06060;85;50;0.00205802
110;06060;86;50;0.00098329
110;06060;87;50;0.00074913
110;06060;76;51;0.00291728
110;06060;77;51;0.00883672
110;06060;78;51;0.01799381
110;06060;79;51;0.01656555
110;06060;80;51;0.01807993
110;06060;81;51;0.01847489
110;06060;82;51;0.01709484
110;06060;83;51;0.00535310
110;06060;84;51;0.00654424
110;06060;85;51;0.00155140
110;06060;76;52;0.00136724
110;06060;77;52;0.00994319
110;06060;78;52;0.01808332
110;06060;79;52;0.01750717
110;06060;80;52;0.01598840
110;06060;81;52;0.01326625
110;06060;82;52;0.01133936
110;06060;83;52;0.00667712
110;06060;84;52;0.00540554
110;06060;85;52;0.00003624
110;06060;77;53;0.00894557
110;06060;78;53;0.01532154
110;06060;79;53;0.01304514
110;06060;80;53;0.01332765
110;06060;81;53;0.01308593
110;06060;82;53;0.01073277
110;06060;83;53;0.00971356
110;06060;84;53;0.00587875
110;06060;85;53;0.00193882
110;06060;77;54;0.00134384
110;06060;78;54;0.01161174
110;06060;79;54;0.01403410
110;06060;80;54;0.01351730
110;06060;81;54;0.01407030
110;06060;82;54;0.01343841
110;06060;83;54;0.01083686
110;06060;84;54;0.01227689
110;06060;85;54;0.01011193
110;06060;86;54;0.00082059
110;06060;78;55;0.00033970
110;06060;79;55;0.01218921
110;06060;80;55;0.01327948
110;06060;81;55;0.01226897
110;06060;82;55;0.00868400
110;06060;83;55;0.00499901
110;06060;84;55;0.00463305
110;06060;85;55;0.00297995
110;06060;79;56;0.00809667
110;06060;80;56;0.00922894
110;06060;81;56;0.00379527
110;06060;82;56;0.00184645
110;06060;83;56;0.00253127
110;06057;44;67;0.00680405
110;06057;45;67;0.00001715
110;06057;35;68;0.01485094
110;06057;36;68;0.05701360
110;06057;37;68;0.00247731
110;06057;38;68;0.01110529
110;06057;39;68;0.06235424
110;06057;40;68;0.03437777
110;06057;41;68;0.00652781
110;06057;42;68;0.00372034
110;06057;43;68;0.01054801
110;06057;44;68;0.02673189
110;06057;35;69;0.03437702
110;06057;36;69;0.06009574
110;06057;37;69;0.04324534
110;06057;38;69;0.01335748
110;06057;39;69;0.07159433
110;06057;40;69;0.06657216
110;06057;41;69;0.01715168
110;06057;42;69;0.01280374
110;06057;43;69;0.00034634
110;06057;39;70;0.00041882
110;06057;29;72;0.00059658
110;06057;30;72;0.00136621
110;06057;22;73;0.00020637
110;06057;28;73;0.00207451
110;06057;29;73;0.00639119
110;06057;30;73;0.01230891
110;06057;31;73;0.00278119
110;06057;22;74;0.01654592
110;06057;23;74;0.01335536
110;06057;28;74;0.00582787
110;06057;29;74;0.00170233
110;06057;30;74;0.00192961
110;06057;31;74;0.00531150
110;06057;21;75;0.00820839
110;06057;22;75;0.04412481
110;06057;23;75;0.01330347
110;06057;20;76;0.00056655
110;06057;21;76;0.00418009
110;06057;22;76;0.01597936
110;06057;23;76;0.00913017
110;06057;26;76;0.00000589
110;06057;27;76;0.00009880
110;06057;20;77;0.00130245
110;06057;21;77;0.00417452
110;06057;22;77;0.00474184
110;06057;23;77;0.00017229
110;06057;26;77;0.00184680
110;06057;27;77;0.00166210
110;06057;20;78;0.00126511
110;06057;21;78;0.00250037
110;06057;22;78;0.00131211
110;06057;23;78;0.00000105
110;06057;22;80;0.00070798
110;06057;23;80;0.03164580
110;06057;24;80;0.01328390
110;06057;22;81;0.01829219
110;06057;23;81;0.04191531
110;06057;24;81;0.00226040
110;06057;22;82;0.03149016
110;06057;23;82;0.03925288
110;06057;24;82;0.00025844
110;06057;25;82;0.00058275
110;06057;19;83;0.00029833
110;06057;20;83;0.01043873
110;06057;21;83;0.00088911
110;06057;22;83;0.00450437
110;06057;23;83;0.04362400
110;06057;24;83;0.01166198
110;06057;25;83;0.00107917
110;06057;22;84;0.00000035
110;06057;23;84;0.00634937
110;06063;136;24;0.00047053
110;06063;137;24;0.09473243
110;06063;138;24;0.04005905
110;06063;124;25;0.00023747
110;06063;125;25;0.00321556
110;06063;126;25;0.00272875
110;06063;127;25;0.00002325
110;06063;136;25;0.00397971
110;06063;137;25;0.04302886
110;06063;138;25;0.01693584
110;06063;125;26;0.00010741
110;06063;126;26;0.00058539
110;06063;127;26;0.00006996
110;06063;135;26;0.00755102
110;06063;136;26;0.03183893
110;06063;137;26;0.00974576
110;06063;132;27;0.00104315
110;06063;133;27;0.01162553
110;06063;135;27;0.09667463
110;06063;136;27;0.16177874
110;06063;137;27;0.00067475
110;06063;135;28;0.07095901
110;06063;136;28;0.01597645
110;06063;139;28;0.00313132
110;06063;140;28;0.04140187
110;06063;135;29;0.02154637
110;06063;136;29;0.00059981
110;06063;135;32;0.02222929
110;06063;136;32;0.10756840
110;06063;137;32;0.00297092
110;06063;135;33;0.00097921
110;06063;136;33;0.05274414
110;06063;137;33;0.00733894
110;06063;134;34;0.01836960
110;06063;136;36;0.00981954
110;06063;135;37;0.00188036
110;06063;136;37;0.00363617
110;06063;137;37;0.00182006
110;06063;136;38;0.00461260
110;06063;137;38;0.00469780
110;06063;125;39;0.00017531
110;06063;126;39;0.00193107
110;06063;136;39;0.01031548
110;06063;125;40;0.00293913
110;06063;126;40;0.00466668
110;06063;127;40;0.00027789
110;06063;136;40;0.00428105
110;06063;125;41;0.00440170
110;06063;126;41;0.00365316
110;06063;127;41;0.00001007
110;06063;124;42;0.00416592
110;06063;125;42;0.00194606
110;06063;126;42;0.00010359
110;06063;130;42;0.00128716
110;06063;131;42;0.00981660
110;06063;123;43;0.00261959
110;06063;124;43;0.01497158
110;06063;131;43;0.00101411
110;06063;153;46;0.00271169
110;06063;154;46;0.00329216
110;06038;100;18;0.00198710
110;06038;101;18;0.00120952
110;06038;102;18;0.00015841
110;06038;100;19;0.01087390
110;06038;101;19;0.00887476
110;06038;102;19;0.00871107
110;06038;103;19;0.00752733
110;06038;104;19;0.00352535
110;06038;100;20;0.00705871
110;06038;101;20;0.00774034
110;06038;102;20;0.00693288
110;06038;103;20;0.00702189
110;06038;104;20;0.00308578
110;06038;99;21;0.00089827
110;06038;100;21;0.00755982
110;06038;101;21;0.00706288
110;06038;102;21;0.00723269
110;06038;103;21;0.00726078
110;06038;104;21;0.00438914
110;06038;97;22;0.00031373
110;06038;98;22;0.00139792
110;06038;99;22;0.00507960
110;06038;100;22;0.01035470
110;06038;101;22;0.00840932
110;06038;102;22;0.00584545
110;06038;103;22;0.00454286
110;06038;104;22;0.00381501
110;06038;96;23;0.00004685
110;06038;97;23;0.00678081
110;06038;98;23;0.00766580
110;06038;99;23;0.00880065
110;06038;100;23;0.00862369
110;06038;101;23;0.00915108
110;06038;102;23;0.00976317
110;06038;103;23;0.00489279
110;06038;104;23;0.00016420
110;06038;105;23;0.00026544
110;06038;106;23;0.00047249
110;06038;107;23;0.00006978
110;06038;96;24;0.00001013
110;06038;97;24;0.00864920
110;06038;98;24;0.00887476
110;06038;99;24;0.00887476
110;06038;100;24;0.00887476
110;06038;101;24;0.01087975
110;06038;102;24;0.01298371
110;06038;103;24;0.00760957
110;06038;104;24;0.00343178
110;06038;105;24;0.00038589
110;06038;106;24;0.00029197
110;06038;107;24;0.00007775
110;06038;96;25;0.00047584
110;06038;97;25;0.00882461
110;06038;98;25;0.00887476
110;06038;99;25;0.00887476
110;06038;100;25;0.00887476
110;06038;101;25;0.00987219
110;06038;102;25;0.01592059
110;06038;103;25;0.01169554
110;06038;104;25;0.00797561
110;06038;105;25;0.00243871
110;06038;106;25;0.00010429
110;06038;96;26;0.00519683
110;06038;97;26;0.00887476
110;06038;98;26;0.00887476
110;06038;99;26;0.00887476
110;06038;100;26;0.00887476
110;06038;101;26;0.00886790
110;06038;102;26;0.01015848
110;06038;103;26;0.01556641
110;06038;104;26;0.01285001
110;06038;105;26;0.00172272
110;06038;106;26;0.00080367
110;06038;107;26;0.00060428
110;06038;108;26;0.00061185
110;06038;109;26;0.00000960
110;06038;113;26;0.00000043
110;06038;114;26;0.00000292
110;06038;96;27;0.00214102
110;06038;97;27;0.00887476
110;06038;98;27;0.00887476
110;06038;99;27;0.00887476
110;06038;100;27;0.00887476
110;06038;101;27;0.00886202
110;06038;102;27;0.00792297
110;06038;103;27;0.00647517
110;06038;104;27;0.00853693
110;06038;105;27;0.00316332
110;06038;106;27;0.00058602
110;06038;107;27;0.00091326
110;06038;108;27;0.00117872
110;06038;109;27;0.00038142
110;06038;113;27;0.00023597
110;06038;114;27;0.00019033
110;06038;96;28;0.00119195
110;06038;97;28;0.00887476
110;06038;98;28;0.00887476
110;06038;99;28;0.00887476
110;06038;100;28;0.00864987
110;06038;101;28;0.00887476
110;06038;102;28;0.00857024
110;06038;103;28;0.00415344
110;06038;104;28;0.00052790
110;06038;105;28;0.00075897
110;06038;107;28;0.00021120
110;06038;108;28;0.00075399
110;06038;109;28;0.00045873
110;06038;113;28;0.00004363
110;06038;114;28;0.00018494
110;06038;96;29;0.00304682
110;06038;97;29;0.00887476
110;06038;98;29;0.00887476
110;06038;99;29;0.00887476
110;06038;100;29;0.00887476
110;06038;101;29;0.00652293
110;06038;102;29;0.00781890
110;06038;103;29;0.00010373
110;06038;96;30;0.00557733
110;06038;97;30;0.00838952
110;06038;98;30;0.00706707
110;06038;99;30;0.00887476
110;06038;100;30;0.00808604
110;06038;101;30;0.00283555
110;06038;102;30;0.00229560
110;06038;103;30;0.00083473
110;06038;104;30;0.00000162
110;06038;95;31;0.00003790
110;06038;96;31;0.00799045
110;06038;97;31;0.00110148
110;06038;98;31;0.00241703
110;06038;99;31;0.00755279
110;06038;100;31;0.00722792
110;06038;101;31;0.00385943
110;06038;102;31;0.00246567
110;06038;103;31;0.00120140
110;06038;104;31;0.00005555
110;06038;105;31;0.00010680
110;06038;106;31;0.00052010
110;06038;107;31;0.00079500
110;06038;108;31;0.00011464
110;06038;95;32;0.00244355
110;06038;96;32;0.00760662
110;06038;97;32;0.00302776
110;06038;98;32;0.00043294
110;06038;99;32;0.00101242
110;06038;100;32;0.00527231
110;06038;101;32;0.00572907
110;06038;102;32;0.00158297
110;06038;103;32;0.00020842
110;06038;104;32;0.00084420
110;06038;105;32;0.00085143
110;06038;106;32;0.00079219
110;06038;107;32;0.00078121
110;06038;108;32;0.00061846
110;06038;95;33;0.00454977
110;06038;96;33;0.00615362
110;06038;97;33;0.00516030
110;06038;98;33;0.00017440
110;06038;99;33;0.00180124
110;06038;100;33;0.00469659
110;06038;101;33;0.00633587
110;06038;102;33;0.00412250
110;06038;103;33;0.00133616
110;06038;104;33;0.00130989
110;06038;105;33;0.00083541
110;06038;106;33;0.00064593
110;06038;111;33;0.00022020
110;06038;112;33;0.00020293
110;06038;94;34;0.00053160
110;06038;95;34;0.00531966
110;06038;96;34;0.00551353
110;06038;97;34;0.00611275
110;06038;98;34;0.00414805
110;06038;99;34;0.00323246
110;06038;100;34;0.00719286
110;06038;101;34;0.00140133
110;06038;102;34;0.00624154
110;06038;103;34;0.00287311
110;06038;104;34;0.00111106
110;06038;105;34;0.00012014
110;06038;106;34;0.00029609
110;06038;111;34;0.00031441
110;06038;112;34;0.00017167
110;06038;93;35;0.00000244
110;06038;94;35;0.00379032
110;06038;95;35;0.00551353
110;06038;96;35;0.00767828
110;06038;97;35;0.00658351
110;06038;98;35;0.00493626
110;06038;99;35;0.00486707
110;06038;100;35;0.00722173
110;06038;101;35;0.00725387
110;06038;102;35;0.00125712
110;06038;93;36;0.00375534
110;06038;94;36;0.00856130
110;06038;95;36;0.00843908
110;06038;96;36;0.00851170
110;06038;97;36;0.00429864
110;06038;98;36;0.00136207
110;06038;99;36;0.00190993
110;06038;100;36;0.00208103
110;06038;101;36;0.00446691
110;06038;102;36;0.00029505
110;06038;103;36;0.00000166
110;06038;117;36;0.00000128
110;06038;118;36;0.00000001
110;06038;93;37;0.00315371
110;06038;94;37;0.00820003
110;06038;95;37;0.00902121
110;06038;96;37;0.00816251
110;06038;97;37;0.00466049
110;06038;98;37;0.00001067
110;06038;99;37;0.00122739
110;06038;100;37;0.00150941
110;06038;101;37;0.00072166
110;06038;102;37;0.00040529
110;06038;103;37;0.00000638
110;06038;115;37;0.00000214
110;06038;116;37;0.00005193
110;06038;117;37;0.00028820
110;06038;118;37;0.00015242
110;06038;93;38;0.00000417
110;06038;94;38;0.00116839
110;06038;95;38;0.00795797
110;06038;96;38;0.00596581
110;06038;97;38;0.00034708
110;06038;98;38;0.00030942
110;06038;99;38;0.00014132
110;06038;100;38;0.00004031
110;06038;101;38;0.00052754
110;06038;102;38;0.00048197
110;06038;103;38;0.00001756
110;06038;115;38;0.00002969
110;06038;116;38;0.00031788
110;06038;117;38;0.00033544
110;06038;118;38;0.00013884
110;06038;94;39;0.00039597
110;06038;95;39;0.00166369
110;06038;96;39;0.00177512
110;06038;97;39;0.00028796
110;06038;98;39;0.00030016
110;06038;101;39;0.00018115
110;06038;102;39;0.00004712
110;06038;115;39;0.00003594
110;06038;116;39;0.00031547
110;06038;117;39;0.00015398
110;06038;118;39;0.00006443
110;06038;94;40;0.00037536
110;06038;95;40;0.00013254
110;06038;96;40;0.00163351
110;06038;97;40;0.00023178
110;06038;115;40;0.00005319
110;06038;116;40;0.00024910
110;06038;94;41;0.00008627
110;06038;96;41;0.00269985
110;06038;97;41;0.00292806
110;06038;98;41;0.00031597
110;06038;99;41;0.00004735
110;06038;115;41;0.00003435
110;06038;116;41;0.00007392
110;06038;96;42;0.00134543
110;06038;97;42;0.00050558
110;06038;98;42;0.00031079
110;06038;99;42;0.00022096
110;06038;97;43;0.00000130
110;06038;98;43;0.00013502
110;06038;99;43;0.00009947
110;06056;21;84;0.00233173
110;06056;22;84;0.00606814
110;06056;23;84;0.00048367
110;06056;20;85;0.00015763
110;06056;21;85;0.01916301
110;06056;22;85;0.01823041
110;06056;21;86;0.00437182
110;06056;22;86;0.00233261
110;06056;18;87;0.00068871
110;06056;19;87;0.10116722
110;06056;20;87;0.02637439
110;06056;17;88;0.00110939
110;06056;18;88;0.02941038
110;06056;19;88;0.06219909
110;06056;20;88;0.02412297
110;06056;17;89;0.01269848
110;06056;18;89;0.00213750
110;06056;17;90;0.00023936
110;06056;17;91;0.05963654
110;06056;18;91;0.09118440
110;06056;19;91;0.01320553
110;06056;17;92;0.01805112
110;06056;18;92;0.06290554
110;06056;14;93;0.00387379
110;06056;17;93;0.00086806
110;06056;13;94;0.00233421
110;06056;14;94;0.05174135
110;06056;13;95;0.01256598
110;06056;14;95;0.01005274
110;06056;12;96;0.00199526
110;06056;13;96;0.02440301
110;06056;14;96;0.00000115
110;06056;17;96;0.00574185
110;06056;18;96;0.00576653
110;06056;19;96;0.00149442
110;06056;13;97;0.00182683
110;06056;16;97;0.00380028
110;06056;17;97;0.03023744
110;06056;18;97;0.02992431
110;06056;19;97;0.00355388
110;06056;9;98;0.00679546
110;06056;16;98;0.00579540
110;06056;17;98;0.02770675
110;06056;18;98;0.01122594
110;06056;8;99;0.00788829
110;06056;9;99;0.01676414
110;06056;16;99;0.00636439
110;06056;17;99;0.00901321
110;06056;8;100;0.01450607
110;06056;9;100;0.00187219
110;06056;16;100;0.00012859
110;06056;17;100;0.00832046
110;06056;18;100;0.00367073
110;06056;19;100;0.00008708
110;06056;17;101;0.01424465
110;06056;18;101;0.03235162
110;06056;19;101;0.00070523
110;06056;17;102;0.00758117
110;06056;18;102;0.02322638
110;06056;19;102;0.01548828
110;06056;21;102;0.00087286
110;06056;23;102;0.00006199
110;06056;24;102;0.00346251
110;06056;25;102;0.00012110
110;06062;86;54;0.00010780
110;06062;84;55;0.00015692
110;06062;85;55;0.00383529
110;06062;86;55;0.00360895
110;06062;83;56;0.00075923
110;06062;84;56;0.00550949
110;06062;85;56;0.00701894
110;06062;86;56;0.00697246
110;06062;87;56;0.00354059
110;06062;83;57;0.00455954
110;06062;84;57;0.00701894
110;06062;85;57;0.00741640
110;06062;86;57;0.00920098
110;06062;87;57;0.00684937
110;06062;88;57;0.00038342
110;06062;83;58;0.00157484
110;06062;84;58;0.00589357
110;06062;85;58;0.00862315
110;06062;86;58;0.01095776
110;06062;87;58;0.01390799
110;06062;88;58;0.00985152
110;06062;96;58;0.00073277
110;06062;97;58;0.00065694
110;06062;98;58;0.00027568
110;06062;99;58;0.00000276
110;06062;84;59;0.00032627
110;06062;85;59;0.00952868
110;06062;86;59;0.01328653
110;06062;87;59;0.01390799
110;06062;88;59;0.01231734
110;06062;89;59;0.00756484
110;06062;90;59;0.00689553
110;06062;91;59;0.00634861
110;06062;92;59;0.00644999
110;06062;93;59;0.01278187
110;06062;94;59;0.01275504
110;06062;95;59;0.01070100
110;06062;96;59;0.00663964
110;06062;97;59;0.01050153
110;06062;98;59;0.00860752
110;06062;99;59;0.00863322
110;06062;100;59;0.00810200
110;06062;101;59;0.00594770
110;06062;102;59;0.00060983
110;06062;85;60;0.01943004
110;06062;86;60;0.01618158
110;06062;87;60;0.01438797
110;06062;88;60;0.01488113
110;06062;89;60;0.00847924
110;06062;90;60;0.00752564
110;06062;91;60;0.01311797
110;06062;92;60;0.01558194
110;06062;93;60;0.01209082
110;06062;94;60;0.01531411
110;06062;95;60;0.01566684
110;06062;96;60;0.00926768
110;06062;97;60;0.01050153
110;06062;98;60;0.00749691
110;06062;99;60;0.00584177
110;06062;100;60;0.00823754
110;06062;101;60;0.00321833
110;06062;85;61;0.01253600
110;06062;86;61;0.02505667
110;06062;87;61;0.01706894
110;06062;88;61;0.01627162
110;06062;89;61;0.01319786
110;06062;90;61;0.00835745
110;06062;91;61;0.01319985
110;06062;92;61;0.01747106
110;06062;93;61;0.01628128
110;06062;94;61;0.01570571
110;06062;95;61;0.01401763
110;06062;96;61;0.01086041
110;06062;97;61;0.01128054
110;06062;98;61;0.00870293
110;06062;99;61;0.00454598
110;06062;100;61;0.00072725
110;06062;101;61;0.00010605
110;06062;85;62;0.00408803
110;06062;86;62;0.01568945
110;06062;87;62;0.01559489
110;06062;88;62;0.01217425
110;06062;89;62;0.01618857
110;06062;90;62;0.01298979
110;06062;91;62;0.01552872
110;06062;92;62;0.01249682
110;06062;93;62;0.01275795
110;06062;94;62;0.01579432
110;06062;95;62;0.01095053
110;06062;96;62;0.01285016
110;06062;97;62;0.00887936
110;06062;98;62;0.00085615
110;06062;86;63;0.00010902
110;06062;88;63;0.00000960
110;06062;89;63;0.00052432
110;06062;90;63;0.00354835
110;06062;91;63;0.00627723
110;06062;92;63;0.00337233
110;06062;93;63;0.01511824
110;06062;94;63;0.01322255
110;06062;95;63;0.01034932
110;06062;96;63;0.00098733
110;06062;92;64;0.00743673
110;06062;93;64;0.00654510
110;06062;94;64;0.00217388
110;06062;95;64;0.00126442
110;06062;96;64;0.00065052
110;06062;97;64;0.00107740
110;06062;98;64;0.00602177
110;06062;99;64;0.00187989
110;06062;106;64;0.00000016
110;06062;107;64;0.00003755
110;06062;93;65;0.00336136
110;06062;94;65;0.00720296
110;06062;95;65;0.00681260
110;06062;96;65;0.00720308
110;06062;97;65;0.00453368
110;06062;98;65;0.00016000
110;06062;101;65;0.00007048
110;06062;102;65;0.00545500
110;06062;103;65;0.00845803
110;06062;104;65;0.00513302
110;06062;105;65;0.00132215
110;06062;106;65;0.00159541
110;06062;107;65;0.00086252
110;06062;93;66;0.00019533
110;06062;94;66;0.00000260
110;06062;95;66;0.00010645
110;06062;96;66;0.00432328
110;06062;97;66;0.00216873
110;06062;103;66;0.00209458
110;06062;104;66;0.00239639
110;06062;105;66;0.00213082
110;06062;106;66;0.00210219
110;06062;107;66;0.00046982
110;06062;105;67;0.00031465
110;06062;106;67;0.00015150
110;06061;97;43;0.00385722
110;06061;98;43;0.00487375
110;06061;99;43;0.00061693
110;06061;100;43;0.00021257
110;06061;97;44;0.00004175
110;06061;98;44;0.00526068
110;06061;99;44;0.00954644
110;06061;100;44;0.00326461
110;06061;97;45;0.00363665
110;06061;98;45;0.00949757
110;06061;99;45;0.00868998
110;06061;100;45;0.00135523
110;06061;95;46;0.00054442
110;06061;96;46;0.00497567
110;06061;97;46;0.00836177
110;06061;98;46;0.00719551
110;06061;99;46;0.00505418
110;06061;100;46;0.00011724
110;06061;94;47;0.00026851
110;06061;95;47;0.00343099
110;06061;96;47;0.00563116
110;06061;97;47;0.00824692
110;06061;98;47;0.00680860
110;06061;99;47;0.00017209
110;06061;92;48;0.00021664
110;06061;93;48;0.00178822
110;06061;94;48;0.00344750
110;06061;95;48;0.00382581
110;06061;96;48;0.00337758
110;06061;97;48;0.00208185
110;06061;98;48;0.00260179
110;06061;92;49;0.00291358
110;06061;93;49;0.00415928
110;06061;94;49;0.00409022
110;06061;95;49;0.00563922
110;06061;96;49;0.00368878
110;06061;97;49;0.00000864
110;06061;98;49;0.00000507
110;06061;92;50;0.00298560
110;06061;93;50;0.00340372
110;06061;94;50;0.00305729
110;06061;95;50;0.00787951
110;06061;96;50;0.00162268
110;06061;99;50;0.00085730
110;06061;100;50;0.00034452
110;06061;101;50;0.00310053
110;06061;102;50;0.01014139
110;06061;92;51;0.00110672
110;06061;93;51;0.00043537
110;06061;94;51;0.00191864
110;06061;95;51;0.00082706
110;06061;96;51;0.00436030
110;06061;97;51;0.00101572
110;06061;98;51;0.00120622
110;06061;99;51;0.00229291
110;06061;100;51;0.00671981
110;06061;101;51;0.01938950
110;06061;102;51;0.01761129
110;06061;103;51;0.00913404
110;06061;104;51;0.00342062
110;06061;105;51;0.00087092
110;06061;107;51;0.00261735
110;06061;108;51;0.00053170
110;06061;94;52;0.00017797
110;06061;95;52;0.00063133
110;06061;96;52;0.00615099
110;06061;97;52;0.00409959
110;06061;98;52;0.00279441
110;06061;99;52;0.00125250
110;06061;100;52;0.00578882
110;06061;101;52;0.01685863
110;06061;102;52;0.01470155
110;06061;103;52;0.01070539
110;06061;104;52;0.00544356
110;06061;105;52;0.00015649
110;06061;107;52;0.00372040
110;06061;108;52;0.00036165
110;06061;87;53;0.00038153
110;06061;88;53;0.00619374
110;06061;89;53;0.02196251
110;06061;90;53;0.00471399
110;06061;95;53;0.00081753
110;06061;96;53;0.00528978
110;06061;97;53;0.00164532
110;06061;98;53;0.00281800
110;06061;99;53;0.00054751
110;06061;100;53;0.00365628
110;06061;101;53;0.00684523
110;06061;102;53;0.00537966
110;06061;103;53;0.00153954
110;06061;107;53;0.00038362
110;06061;108;53;0.00007296
110;06061;86;54;0.00247698
110;06061;87;54;0.01001659
110;06061;88;54;0.01890256
110;06061;89;54;0.03297344
110;06061;90;54;0.00959323
110;06061;91;54;0.00334833
110;06061;92;54;0.00013784
110;06061;93;54;0.00099678
110;06061;94;54;0.00021237
110;06061;95;54;0.00077384
110;06061;96;54;0.00667716
110;06061;97;54;0.00117215
110;06061;98;54;0.00091143
110;06061;99;54;0.00037646
110;06061;100;54;0.00139923
110;06061;101;54;0.00284011
110;06061;102;54;0.00167443
110;06061;103;54;0.00000729
110;06061;86;55;0.00258422
110;06061;87;55;0.00983877
110;06061;88;55;0.01713101
110;06061;89;55;0.01879936
110;06061;90;55;0.01834618
110;06061;91;55;0.01521412
110;06061;92;55;0.01029741
110;06061;93;55;0.00760783
110;06061;94;55;0.01021009
110;06061;95;55;0.00023614
110;06061;96;55;0.01462683
110;06061;97;55;0.00407915
110;06061;98;55;0.00047340
110;06061;101;55;0.00072912
110;06061;102;55;0.00255340
110;06061;103;55;0.00089983
110;06061;87;56;0.00043243
110;06061;88;56;0.00695820
110;06061;89;56;0.01055553
110;06061;90;56;0.01993595
110;06061;91;56;0.01993595
110;06061;92;56;0.01993595
110;06061;93;56;0.01993595
110;06061;94;56;0.01451049
110;06061;95;56;0.01092871
110;06061;96;56;0.01520805
110;06061;97;56;0.01518477
110;06061;98;56;0.01315357
110;06061;99;56;0.00251024
110;06061;100;56;0.00004010
110;06061;101;56;0.00030502
110;06061;102;56;0.00266993
110;06061;103;56;0.00262361
110;06061;104;56;0.00312769
110;06061;105;56;0.00050969
110;06061;106;56;0.00146997
110;06061;107;56;0.00035187
110;06061;88;57;0.00045311
110;06061;89;57;0.00473610
110;06061;90;57;0.01024855
110;06061;91;57;0.01385130
110;06061;92;57;0.01955441
110;06061;93;57;0.01993595
110;06061;94;57;0.01249486
110;06061;95;57;0.01191237
110;06061;96;57;0.01282755
110;06061;97;57;0.01178571
110;06061;98;57;0.00379546
110;06061;99;57;0.00008405
110;06061;100;57;0.00182937
110;06061;101;57;0.00248032
110;06061;102;57;0.00450581
110;06061;103;57;0.00647304
110;06061;104;57;0.00488058
110;06061;105;57;0.00145627
110;06061;106;57;0.00004461
110;06061;107;57;0.00001688
110;06061;88;58;0.00000002
110;06061;92;58;0.00834279
110;06061;93;58;0.01954420
110;06061;94;58;0.00756292
110;06061;95;58;0.00342848
110;06061;96;58;0.00132834
110;06061;98;58;0.00078208
110;06061;99;58;0.00291246
110;06061;100;58;0.00370606
110;06061;101;58;0.00389714
110;06061;102;58;0.00435864
110;06061;103;58;0.00350355
110;06061;90;59;0.00000136
110;06061;92;59;0.00002231
110;06061;93;59;0.00219610
110;06061;94;59;0.00119824
110;06061;99;59;0.00005119
110;06061;100;59;0.00029757
110;06061;101;59;0.00025254
110;06061;102;59;0.00069450
110;06061;103;59;0.00216426
110;06061;104;59;0.00043449
110;06061;103;60;0.00006038
110;06061;104;60;0.00004751
110;06058;52;60;0.00216890
110;06058;50;61;0.00448386
110;06058;51;61;0.03267707
110;06058;52;61;0.01652125
110;06058;56;61;0.00398974
110;06058;57;61;0.00121711
110;06058;58;61;0.00095668
110;06058;59;61;0.01310698
110;06058;60;61;0.00119909
110;06058;50;62;0.01900722
110;06058;51;62;0.04615761
110;06058;52;62;0.02558233
110;06058;53;62;0.00049417
110;06058;55;62;0.00183648
110;06058;56;62;0.01558246
110;06058;57;62;0.02138570
110;06058;58;62;0.01738511
110;06058;59;62;0.02089545
110;06058;60;62;0.01593893
110;06058;61;62;0.00190601
110;06058;62;62;0.00000680
110;06058;49;63;0.00067968
110;06058;50;63;0.00773522
110;06058;51;63;0.03708539
110;06058;52;63;0.03464412
110;06058;53;63;0.01212102
110;06058;54;63;0.02490894
110;06058;55;63;0.02733909
110;06058;56;63;0.01334133
110;06058;57;63;0.01601918
110;06058;58;63;0.02021446
110;06058;59;63;0.02050250
110;06058;60;63;0.02079768
110;06058;61;63;0.01100047
110;06058;62;63;0.00142519
110;06058;48;64;0.00024292
110;06058;49;64;0.01082999
110;06058;50;64;0.02889452
110;06058;51;64;0.03787967
110;06058;52;64;0.01435369
110;06058;53;64;0.00251421
110;06058;54;64;0.00294398
110;06058;55;64;0.00783520
110;06058;56;64;0.00592594
110;06058;57;64;0.00073930
110;06058;58;64;0.00788942
110;06058;59;64;0.00990313
110;06058;60;64;0.02250789
110;06058;61;64;0.02443819
110;06058;62;64;0.00525791
110;06058;63;64;0.00194449
110;06058;64;64;0.00006841
110;06058;48;65;0.00475604
110;06058;49;65;0.03242691
110;06058;50;65;0.01686048
110;06058;51;65;0.02294188
110;06058;52;65;0.01595897
110;06058;57;65;0.00264507
110;06058;58;65;0.01936092
110;06058;59;65;0.01194353
110;06058;60;65;0.01445226
110;06058;61;65;0.02159225
110;06058;62;65;0.02326674
110;06058;63;65;0.01414570
110;06058;64;65;0.00037204
110;06058;49;66;0.00019391
110;06058;53;66;0.00410920
110;06058;54;66;0.00740656
110;06058;57;66;0.00005098
110;06058;58;66;0.00073840
110;06058;59;66;0.00030399
110;06058;61;66;0.00729724
110;06058;62;66;0.00290712
110;06058;48;67;0.00155544
110;06058;49;67;0.00000548
110;06058;53;67;0.00219205
110;06058;54;67;0.02239198
110;06058;55;67;0.00000153
110;06058;48;68;0.00153434
110;06058;49;68;0.00789742
110;06058;54;68;0.00010352
110;06058;57;68;0.01469302
110;06058;58;68;0.00198641
110;06058;59;68;0.00010324
110;06058;60;68;0.00102583
110;06058;48;69;0.00005409
110;06058;49;69;0.01674311
110;06058;50;69;0.00857214
110;06058;57;69;0.00004051
110;06058;60;69;0.00029464
110;06058;49;70;0.00004598
110;06058;50;70;0.00254698
110;06068;74;70;0.00079834
110;06068;75;70;0.00021459
110;06068;74;71;0.00140513
110;06068;75;71;0.00113691
110;06068;76;71;0.00045334
110;06068;72;72;0.00386870
110;06068;73;72;0.00513266
110;06068;74;72;0.00064735
110;06068;75;72;0.00096116
110;06068;76;72;0.01319985
110;06068;77;72;0.00706492
110;06068;78;72;0.00920149
110;06068;79;72;0.00108292
110;06068;71;73;0.00447667
110;06068;72;73;0.02192035
110;06068;73;73;0.02461900
110;06068;74;73;0.01633520
110;06068;75;73;0.02005243
110;06068;76;73;0.02546914
110;06068;77;73;0.02527361
110;06068;78;73;0.01502923
110;06068;71;74;0.00003618
110;06068;72;74;0.01386091
110;06068;73;74;0.02275534
110;06068;74;74;0.02442256
110;06068;75;74;0.02384914
110;06068;76;74;0.01207994
110;06068;77;74;0.00371889
110;06068;78;74;0.00449705
110;06068;79;74;0.01529170
110;06068;80;74;0.00173894
110;06068;81;74;0.01080662
110;06068;82;74;0.01079575
110;06068;68;75;0.00007155
110;06068;69;75;0.00000732
110;06068;70;75;0.00019210
110;06068;71;75;0.01102254
110;06068;72;75;0.02684151
110;06068;73;75;0.04181491
110;06068;74;75;0.01554256
110;06068;75;75;0.02675786
110;06068;76;75;0.02364172
110;06068;77;75;0.00654205
110;06068;78;75;0.00570438
110;06068;79;75;0.02113470
110;06068;80;75;0.00156403
110;06068;81;75;0.01136885
110;06068;82;75;0.00640677
110;06068;70;76;0.00279040
110;06068;71;76;0.02347917
110;06068;72;76;0.02982828
110;06068;73;76;0.03917961
110;06068;74;76;0.03221894
110;06068;75;76;0.03192984
110;06068;76;76;0.03035470
110;06068;77;76;0.02553363
110;06068;78;76;0.02132817
110;06068;79;76;0.01136366
110;06068;80;76;0.00027776
110;06068;70;77;0.00049369
110;06068;71;77;0.01894573
110;06068;72;77;0.02518511
110;06068;73;77;0.03221894
110;06068;74;77;0.03221894
110;06068;75;77;0.02432687
110;06068;76;77;0.01977338
110;06068;77;77;0.00118555
110;06068;78;77;0.00012691
110;06068;79;77;0.00001203
110;06068;70;78;0.00226183
110;06068;71;78;0.00480177
110;06068;72;78;0.01620192
110;06068;73;78;0.02672153
110;06068;74;78;0.00596210
110;06068;75;78;0.00047069
110;06049;50;79;0.00000729
110;06049;52;79;0.00058311
110;06049;54;79;0.00007769
110;06049;55;79;0.00134585
110;06049;56;79;0.00597604
110;06049;57;79;0.00081507
110;06049;58;79;0.00013782
110;06049;50;80;0.00145504
110;06049;51;80;0.00366685
110;06049;52;80;0.00445462
110;06049;53;80;0.00009875
110;06049;54;80;0.00003494
110;06049;55;80;0.00158773
110;06049;56;80;0.00156103
110;06049;57;80;0.00151950
110;06049;58;80;0.00103742
110;06049;50;81;0.00010421
110;06049;51;81;0.00125693
110;06049;52;81;0.00051003
110;06049;56;81;0.00004857
110;06049;57;81;0.00101419
110;06049;58;81;0.00017414
110;06049;46;85;0.00108281
110;06049;46;86;0.00213132
110;06049;56;86;0.00025853
110;06049;62;86;0.00003597
110;06049;45;87;0.00046375
110;06049;46;87;0.00486924
110;06049;47;87;0.00031165
110;06049;44;88;0.00626625
110;06049;45;88;0.01337192
110;06049;46;88;0.00438836
110;06049;47;88;0.00023348
110;06049;42;89;0.00000041
110;06049;43;89;0.00040485
110;06049;44;89;0.00009203
110;06049;45;89;0.00783919
110;06049;46;89;0.00000004
110;06049;58;89;0.00121199
110;06049;59;89;0.00388386
110;06049;41;90;0.00007669
110;06049;42;90;0.00000424
110;06049;45;90;0.00026678
110;06049;46;90;0.00166458
110;06049;47;90;0.00077929
110;06049;56;90;0.00823512
110;06049;58;90;0.00328104
110;06049;59;90;0.01359795
110;06049;61;90;0.00043486
110;06049;41;91;0.00052379
110;06049;42;91;0.00040843
110;06049;47;91;0.00014709
110;06049;53;91;0.00210184
110;06049;54;91;0.00062927
110;06049;55;91;0.00252259
110;06049;56;91;0.01079593
110;06049;57;91;0.00982456
110;06049;61;91;0.00001239
110;06049;62;91;0.00043615
110;06049;63;91;0.00044808
110;06049;64;91;0.00023094
110;06049;41;92;0.00031625
110;06049;47;92;0.00046145
110;06049;49;92;0.00000882
110;06049;50;92;0.00014816
110;06049;51;92;0.00253500
110;06049;52;92;0.01918293
110;06049;53;92;0.02151987
110;06049;54;92;0.02456998
110;06049;55;92;0.02676631
110;06049;56;92;0.00960606
110;06049;57;92;0.01383378
110;06049;63;92;0.00012227
110;06049;64;92;0.00000640
110;06049;41;93;0.00010997
110;06049;47;93;0.00006259
110;06049;49;93;0.00145177
110;06049;50;93;0.01117677
110;06049;51;93;0.01864538
110;06049;52;93;0.02642760
110;06049;53;93;0.02642760
110;06049;54;93;0.02580216
110;06049;55;93;0.02033691
110;06049;56;93;0.01433724
110;06049;57;93;0.00000640
110;06049;49;94;0.00076442
110;06049;50;94;0.00338995
110;06049;51;94;0.01645977
110;06049;52;94;0.02492364
110;06049;53;94;0.02415969
110;06049;54;94;0.02034334
110;06049;55;94;0.02016060
110;06049;56;94;0.01301423
110;06049;57;94;0.00041161
110;06049;44;95;0.00044919
110;06049;45;95;0.00097020
110;06049;46;95;0.00044185
110;06049;49;95;0.00115798
110;06049;50;95;0.00422253
110;06049;51;95;0.00527668
110;06049;52;95;0.01330377
110;06049;53;95;0.01536400
110;06049;54;95;0.02791833
110;06049;55;95;0.01924027
110;06049;56;95;0.01236078
110;06049;57;95;0.02112196
110;06049;58;95;0.00952341
110;06049;59;95;0.00458293
110;06049;44;96;0.00000502
110;06049;45;96;0.00059380
110;06049;46;96;0.00008329
110;06049;47;96;0.00020343
110;06049;49;96;0.00101461
110;06049;50;96;0.01022790
110;06049;51;96;0.02175198
110;06049;52;96;0.01879698
110;06049;53;96;0.00821917
110;06049;54;96;0.05518908
110;06049;55;96;0.01425871
110;06049;56;96;0.01379978
110;06049;57;96;0.02241145
110;06049;58;96;0.01840751
110;06049;59;96;0.01717977
110;06049;60;96;0.00182144
110;06049;47;97;0.00023838
110;06049;48;97;0.00010080
110;06049;49;97;0.00005357
110;06049;50;97;0.00279300
110;06049;51;97;0.00582660
110;06049;52;97;0.00313479
110;06049;53;97;0.00001067
110;06049;54;97;0.00905509
110;06049;56;97;0.00073372
110;06049;57;97;0.00002786
110;06049;59;97;0.00031735
110;06049;48;98;0.00131274
110;06049;49;98;0.00454244
110;06049;50;98;0.00240160
110;06049;51;98;0.00310172
110;06049;52;98;0.00002952
110;06049;47;99;0.00038060
110;06049;49;99;0.00000906
110;06049;45;100;0.00086400
110;06049;46;100;0.00560012
110;06049;47;100;0.00894312
110;06049;48;100;0.00033624
110;06049;39;101;0.00045384
110;06049;40;101;0.00152499
110;06049;45;101;0.00027762
110;06049;46;101;0.00562839
110;06049;47;101;0.00744738
110;06049;48;101;0.00026020
110;06049;39;102;0.00015995
110;06049;40;102;0.00042554
110;06049;49;102;0.00055110
110;06049;50;102;0.00082720
110;06059;72;49;0.00018134
110;06059;69;50;0.00027964
110;06059;70;50;0.00066277
110;06059;71;50;0.00294947
110;06059;72;50;0.00403986
110;06059;73;50;0.00018259
110;06059;74;50;0.00027026
110;06059;69;51;0.00151511
110;06059;70;51;0.00169108
110;06059;71;51;0.00239174
110;06059;72;51;0.00578633
110;06059;73;51;0.00466734
110;06059;74;51;0.00460691
110;06059;75;51;0.00394631
110;06059;76;51;0.00365296
110;06059;69;52;0.00051668
110;06059;70;52;0.00409416
110;06059;71;52;0.00629492
110;06059;72;52;0.00486294
110;06059;73;52;0.00479099
110;06059;74;52;0.00646991
110;06059;75;52;0.00616680
110;06059;76;52;0.00610932
110;06059;77;52;0.00018786
110;06059;69;53;0.00112292
110;06059;70;53;0.00694575
110;06059;71;53;0.00561008
110;06059;72;53;0.00385935
110;06059;73;53;0.00276731
110;06059;74;53;0.00641268
110;06059;75;53;0.00647049
110;06059;76;53;0.00608575
110;06059;77;53;0.00290189
110;06059;69;54;0.00475621
110;06059;70;54;0.00918898
110;06059;71;54;0.00603083
110;06059;72;54;0.00390939
110;06059;73;54;0.00340743
110;06059;74;54;0.00560438
110;06059;75;54;0.00688149
110;06059;76;54;0.00540204
110;06059;77;54;0.00370142
110;06059;78;54;0.00095662
110;06059;68;55;0.00017367
110;06059;69;55;0.00338431
110;06059;70;55;0.00802320
110;06059;71;55;0.00778590
110;06059;72;55;0.00309118
110;06059;73;55;0.00622436
110;06059;74;55;0.00531557
110;06059;75;55;0.00647696
110;06059;76;55;0.00623830
110;06059;77;55;0.00408776
110;06059;78;55;0.00365138
110;06059;79;55;0.00062525
110;06059;68;56;0.00252181
110;06059;69;56;0.00580379
110;06059;70;56;0.00802386
110;06059;71;56;0.00835774
110;06059;72;56;0.00647750
110;06059;73;56;0.00672107
110;06059;74;56;0.00692175
110;06059;75;56;0.00595995
110;06059;76;56;0.00429826
110;06059;77;56;0.00296268
110;06059;78;56;0.00447918
110;06059;79;56;0.00100809
110;06059;80;56;0.00039702
110;06059;81;56;0.00048420
110;06059;60;57;0.00006856
110;06059;67;57;0.00134512
110;06059;68;57;0.00624424
110;06059;69;57;0.00599768
110;06059;70;57;0.00529791
110;06059;71;57;0.00605165
110;06059;72;57;0.00592186
110;06059;73;57;0.00736502
110;06059;74;57;0.00752535
110;06059;75;57;0.00389751
110;06059;76;57;0.00407582
110;06059;77;57;0.00424984
110;06059;78;57;0.00321240
110;06059;79;57;0.00229375
110;06059;80;57;0.00189397
110;06059;81;57;0.00225674
110;06059;82;57;0.00173597
110;06059;83;57;0.00030043
110;06059;57;58;0.00003267
110;06059;58;58;0.00018960
110;06059;59;58;0.00025554
110;06059;60;58;0.00043112
110;06059;61;58;0.00026326
110;06059;62;58;0.00016193
110;06059;63;58;0.00017507
110;06059;64;58;0.00014494
110;06059;65;58;0.00016764
110;06059;66;58;0.00149150
110;06059;67;58;0.00978288
110;06059;68;58;0.00795090
110;06059;69;58;0.00608027
110;06059;70;58;0.00542243
110;06059;71;58;0.00579607
110;06059;72;58;0.00580388
110;06059;73;58;0.00416926
110;06059;74;58;0.00468983
110;06059;75;58;0.00500111
110;06059;76;58;0.00441167
110;06059;77;58;0.00166224
110;06059;78;58;0.00133370
110;06059;79;58;0.00227911
110;06059;80;58;0.00233949
110;06059;81;58;0.00225702
110;06059;82;58;0.00156802
110;06059;83;58;0.00194483
110;06059;84;58;0.00030803
110;06059;57;59;0.00004462
110;06059;58;59;0.00013880
110;06059;63;59;0.00001440
110;06059;64;59;0.00000343
110;06059;65;59;0.00240607
110;06059;66;59;0.00580388
110;06059;67;59;0.00609938
110;06059;68;59;0.00497383
110;06059;69;59;0.00583609
110;06059;70;59;0.00583313
110;06059;71;59;0.00580388
110;06059;72;59;0.00580388
110;06059;73;59;0.00580388
110;06059;74;59;0.00692443
110;06059;75;59;0.00594586
110;06059;76;59;0.00506962
110;06059;77;59;0.00323277
110;06059;78;59;0.00333959
110;06059;79;59;0.00462158
110;06059;80;59;0.00425915
110;06059;81;59;0.00266799
110;06059;82;59;0.00178731
110;06059;83;59;0.00332695
110;06059;84;59;0.00323125
110;06059;85;59;0.00000828
110;06059;59;60;0.00014949
110;06059;62;60;0.00009480
110;06059;63;60;0.00004245
110;06059;65;60;0.00336511
110;06059;66;60;0.00580388
110;06059;67;60;0.00580388
110;06059;68;60;0.00580332
110;06059;69;60;0.00720877
110;06059;70;60;0.01011119
110;06059;71;60;0.00580388
110;06059;72;60;0.00580388
110;06059;73;60;0.00580388
110;06059;74;60;0.00588198
110;06059;75;60;0.00779261
110;06059;76;60;0.00604458
110;06059;77;60;0.00588529
110;06059;78;60;0.00432512
110;06059;79;60;0.00452875
110;06059;80;60;0.00404685
110;06059;81;60;0.00405035
110;06059;82;60;0.00164459
110;06059;83;60;0.00268143
110;06059;84;60;0.00331114
110;06059;85;60;0.00044559
110;06059;59;61;0.00038740
110;06059;60;61;0.00089256
110;06059;61;61;0.00102590
110;06059;62;61;0.00062676
110;06059;63;61;0.00094061
110;06059;64;61;0.00155345
110;06059;65;61;0.00346157
110;06059;66;61;0.00580388
110;06059;67;61;0.00580388
110;06059;68;61;0.00580388
110;06059;69;61;0.00580388
110;06059;70;61;0.00534335
110;06059;71;61;0.00580023
110;06059;72;61;0.00555723
110;06059;73;61;0.00562533
110;06059;74;61;0.00557893
110;06059;75;61;0.00455649
110;06059;76;61;0.00431811
110;06059;77;61;0.00397854
110;06059;78;61;0.00240141
110;06059;79;61;0.00087098
110;06059;80;61;0.00258098
110;06059;81;61;0.00294474
110;06059;82;61;0.00198652
110;06059;83;61;0.00225907
110;06059;84;61;0.00190839
110;06059;85;61;0.00087796
110;06059;60;62;0.00019622
110;06059;61;62;0.00051708
110;06059;62;62;0.00022465
110;06059;63;62;0.00196762
110;06059;64;62;0.00571411
110;06059;65;62;0.00580388
110;06059;66;62;0.00580388
110;06059;67;62;0.00580388
110;06059;68;62;0.00580388
110;06059;69;62;0.00580388
110;06059;70;62;0.00545691
110;06059;71;62;0.00518248
110;06059;72;62;0.00500985
110;06059;73;62;0.00496336
110;06059;74;62;0.00472715
110;06059;75;62;0.00469789
110;06059;76;62;0.00402646
110;06059;77;62;0.00356054
110;06059;78;62;0.00224985
110;06059;79;62;0.00158139
110;06059;80;62;0.00205911
110;06059;81;62;0.00158120
110;06059;82;62;0.00158600
110;06059;83;62;0.00135163
110;06059;84;62;0.00104754
110;06059;85;62;0.00094238
110;06059;63;63;0.00239006
110;06059;64;63;0.00580388
110;06059;65;63;0.00580388
110;06059;66;63;0.00580388
110;06059;67;63;0.00580388
110;06059;68;63;0.00580388
110;06059;69;63;0.00580388
110;06059;70;63;0.00549449
110;06059;71;63;0.00506436
110;06059;72;63;0.00496212
110;06059;73;63;0.00315100
110;06059;74;63;0.00173848
110;06059;75;63;0.00295691
110;06059;76;63;0.00054656
110;06059;77;63;0.00004044
110;06059;78;63;0.00086737
110;06059;79;63;0.00099753
110;06059;80;63;0.00026438
110;06059;81;63;0.00007989
110;06059;82;63;0.00030157
110;06059;83;63;0.00008233
110;06059;63;64;0.00018300
110;06059;64;64;0.00485183
110;06059;65;64;0.00580388
110;06059;66;64;0.00580388
110;06059;67;64;0.00580388
110;06059;68;64;0.00580388
110;06059;69;64;0.00580388
110;06059;70;64;0.00580388
110;06059;71;64;0.00580301
110;06059;72;64;0.00534583
110;06059;73;64;0.00166672
110;06059;74;64;0.00070296
110;06059;64;65;0.00140344
110;06059;65;65;0.00509315
110;06059;66;65;0.00571296
110;06059;67;65;0.00580388
110;06059;68;65;0.00558171
110;06059;69;65;0.00508447
110;06059;70;65;0.00355279
110;06059;71;65;0.00465671
110;06059;72;65;0.00363238
110;06059;73;65;0.00035952
110;06059;65;66;0.00007076
110;06059;66;66;0.00301589
110;06059;67;66;0.00519071
110;06059;68;66;0.00504392
110;06059;69;66;0.00183454
110;06059;65;67;0.00017943
110;06059;66;67;0.00119681
110;06059;67;67;0.00034226
110;06059;65;68;0.00097421
110;06059;66;68;0.00204036
110;06059;67;68;0.00139086
110;06059;68;68;0.00081554
110;06059;69;68;0.00048923
110;06059;62;69;0.00001941
110;06059;63;69;0.00004379
110;06059;64;69;0.00015348
110;06059;65;69;0.00172756
110;06059;66;69;0.00204036
110;06059;67;69;0.00172180
110;06059;68;69;0.00104995
110;06059;69;69;0.00088265
110;06059;62;70;0.00001467
110;06059;63;70;0.00006492
110;06059;64;70;0.00002216
110;06059;65;70;0.00032602
110;06059;66;70;0.00097277
110;06059;67;70;0.00025625
110;06059;68;70;0.00000093
110;06059;69;70;0.00029569
110;06059;72;70;0.00000232
110;06059;73;70;0.00001775
110;06059;74;70;0.00000388
110;06059;72;71;0.00002057
110;06059;73;71;0.00004567
110;06059;74;71;0.00000605
110;06059;72;72;0.00000682
110;06059;73;72;0.00001502
110;06059;74;72;0.00000171
110;06059;69;73;0.00000182
110;06059;71;73;0.00000057
110;06059;68;74;0.00007476
110;06059;69;74;0.00009518
110;06059;70;74;0.00000353
110;06059;68;75;0.00003523
110;06059;69;75;0.00003135
110;06065;71;80;0.00484249
110;06065;72;80;0.00943157
110;06065;73;80;0.00895152
110;06065;74;80;0.00730794
110;06065;71;81;0.00812040
110;06065;72;81;0.01528317
110;06065;73;81;0.01528317
110;06065;74;81;0.01291718
110;06065;79;81;0.00065883
110;06065;80;81;0.00191494
110;06065;71;82;0.00637050
110;06065;72;82;0.00993138
110;06065;73;82;0.01504461
110;06065;74;82;0.00698098
110;06065;78;82;0.00462084
110;06065;79;82;0.01109678
110;06065;80;82;0.00327226
110;06065;72;83;0.00011023
110;06065;73;83;0.00238237
110;06065;74;83;0.00270066
110;06065;78;83;0.00314136
110;06065;79;83;0.01180321
110;06065;80;83;0.00326884
110;06065;72;84;0.00215263
110;06065;73;84;0.00441548
110;06065;74;84;0.00374040
110;06065;72;85;0.00350703
110;06065;73;85;0.00442549
110;06065;74;85;0.00424503
110;06065;75;85;0.00056347
110;06065;76;85;0.00004139
110;06065;77;85;0.00034001
110;06065;78;85;0.00025577
110;06065;81;85;0.00132524
110;06065;82;85;0.00019772
110;06065;84;85;0.00322083
110;06065;85;85;0.00612964
110;06065;86;85;0.00048278
110;06065;62;86;0.00022782
110;06065;63;86;0.00045322
110;06065;64;86;0.00130855
110;06065;72;86;0.00333158
110;06065;73;86;0.00442549
110;06065;74;86;0.00411760
110;06065;76;86;0.00135906
110;06065;77;86;0.00250299
110;06065;78;86;0.00183637
110;06065;81;86;0.00458665
110;06065;82;86;0.00164707
110;06065;84;86;0.00371451
110;06065;85;86;0.01033275
110;06065;86;86;0.00050970
110;06065;62;87;0.00344654
110;06065;63;87;0.00608878
110;06065;64;87;0.00163994
110;06065;65;87;0.00311501
110;06065;72;87;0.00197243
110;06065;73;87;0.00090114
110;06065;74;87;0.00169806
110;06065;76;87;0.00149163
110;06065;77;87;0.00250299
110;06065;78;87;0.00232563
110;06065;79;87;0.00032653
110;06065;81;87;0.00021519
110;06065;82;87;0.00378489
110;06065;83;87;0.00006657
110;06065;85;87;0.00021668
110;06065;62;88;0.00212513
110;06065;63;88;0.00604696
110;06065;64;88;0.00794422
110;06065;65;88;0.00925465
110;06065;66;88;0.01456262
110;06065;67;88;0.02586387
110;06065;68;88;0.01238275
110;06065;74;88;0.00010276
110;06065;75;88;0.00144409
110;06065;76;88;0.00196031
110;06065;77;88;0.00250299
110;06065;78;88;0.00250299
110;06065;79;88;0.00115230
110;06065;82;88;0.00102655
110;06065;83;88;0.00037939
110;06065;62;89;0.00381321
110;06065;63;89;0.00739880
110;06065;64;89;0.00731588
110;06065;65;89;0.00459891
110;06065;66;89;0.03194029
110;06065;67;89;0.01070518
110;06065;68;89;0.00754798
110;06065;75;89;0.00140985
110;06065;76;89;0.00250299
110;06065;77;89;0.00250299
110;06065;78;89;0.00250299
110;06065;79;89;0.00219830
110;06065;80;89;0.00154959
110;06065;81;89;0.00185929
110;06065;82;89;0.00134389
110;06065;83;89;0.00097065
110;06065;84;89;0.00084001
110;06065;85;89;0.00003431
110;06065;61;90;0.00283488
110;06065;62;90;0.00722708
110;06065;63;90;0.00592619
110;06065;64;90;0.00329126
110;06065;65;90;0.00035656
110;06065;66;90;0.00231790
110;06065;75;90;0.00014768
110;06065;76;90;0.00108780
110;06065;77;90;0.00117354
110;06065;78;90;0.00108773
110;06065;79;90;0.00034030
110;06065;80;90;0.00205600
110;06065;81;90;0.00250299
110;06065;82;90;0.00250299
110;06065;83;90;0.00217679
110;06065;84;90;0.00221620
110;06065;85;90;0.00234583
110;06065;61;91;0.00000117
110;06065;62;91;0.00105783
110;06065;63;91;0.00046517
110;06065;64;91;0.00020662
110;06065;65;91;0.00027758
110;06065;80;91;0.00023376
110;06065;81;91;0.00229227
110;06065;82;91;0.00250299
110;06065;83;91;0.00250299
110;06065;84;91;0.00250299
110;06065;85;91;0.00226704
110;06065;81;92;0.00046016
110;06065;82;92;0.00083319
110;06065;83;92;0.00231865
110;06065;84;92;0.00250299
110;06065;85;92;0.00217659
110;06065;83;93;0.00009279
110;06065;84;93;0.00034932
110;06065;85;93;0.00038402
110;06065;84;95;0.00045494
110;06065;85;95;0.00359621
110;06065;84;96;0.00029212
110;06065;85;96;0.00105553
110;06065;66;99;0.00005552
110;06065;67;99;0.00128380
110;06065;66;100;0.01006348
110;06065;67;100;0.00391694
110;06065;65;101;0.00004762
110;06065;66;101;0.01256980
110;06065;67;101;0.00869618
110;06065;68;101;0.00046180
110;06065;69;101;0.00013834
110;06065;70;101;0.00058003
110;06065;71;101;0.00002914
110;06065;83;101;0.00095073
110;06065;84;101;0.03309940
110;06065;85;101;0.00260041
110;06065;65;102;0.00566516
110;06065;66;102;0.01230673
110;06065;67;102;0.00899197
110;06065;68;102;0.01315259
110;06065;69;102;0.00675528
110;06065;70;102;0.00737440
110;06065;71;102;0.00609114
110;06065;80;102;0.00008065
110;06065;81;102;0.00230518
110;06065;82;102;0.00856669
110;06065;83;102;0.00407634
110;06065;84;102;0.06894808
110;06065;85;102;0.02343329
110;06069;109;60;0.00005421
110;06069;110;60;0.00143633
110;06069;111;60;0.00084035
110;06069;109;61;0.00006324
110;06069;110;61;0.00197715
110;06069;111;61;0.00210661
110;06069;112;61;0.00095484
110;06069;113;61;0.00364764
110;06069;114;61;0.00367774
110;06069;115;61;0.00190768
110;06069;116;61;0.00070533
110;06069;117;61;0.00037365
110;06069;111;62;0.00113216
110;06069;112;62;0.00182490
110;06069;113;62;0.01116827
110;06069;114;62;0.01190500
110;06069;115;62;0.00778933
110;06069;116;62;0.00341550
110;06069;117;62;0.00309266
110;06069;122;62;0.00004036
110;06069;123;62;0.00494007
110;06069;124;62;0.00153888
110;06069;112;63;0.00061395
110;06069;113;63;0.00728667
110;06069;114;63;0.01190500
110;06069;115;63;0.00841172
110;06069;116;63;0.00341550
110;06069;117;63;0.00317798
110;06069;118;63;0.00013534
110;06069;119;63;0.00304461
110;06069;120;63;0.00546200
110;06069;121;63;0.00502638
110;06069;122;63;0.00545819
110;06069;123;63;0.00704306
110;06069;124;63;0.00190012
110;06069;113;64;0.00187393
110;06069;114;64;0.00417686
110;06069;115;64;0.00209204
110;06069;116;64;0.00112933
110;06069;117;64;0.00130706
110;06069;119;64;0.00042520
110;06069;120;64;0.00295898
110;06069;121;64;0.00393745
110;06069;122;64;0.00642562
110;06069;123;64;0.00587437
110;06069;124;64;0.00037076
110;06069;107;65;0.00000282
110;06069;122;65;0.00514616
110;06069;123;65;0.00212725
110;06069;92;66;0.00028259
110;06069;107;66;0.00011338
110;06069;121;66;0.00072743
110;06069;122;66;0.00288448
110;06069;86;67;0.00789200
110;06069;87;67;0.00380200
110;06069;92;67;0.00381498
110;06069;93;67;0.01322793
110;06069;94;67;0.01224508
110;06069;95;67;0.00189874
110;06069;86;68;0.00832585
110;06069;87;68;0.00177294
110;06069;91;68;0.00265120
110;06069;92;68;0.00123105
110;06069;93;68;0.00602605
110;06069;94;68;0.01556367
110;06069;95;68;0.00377120
110;06069;91;69;0.00705940
110;06069;92;69;0.00540407
110;06069;93;69;0.01750112
110;06069;94;69;0.01750112
110;06069;95;69;0.00863273
110;06069;91;70;0.00646192
110;06069;92;70;0.01769949
110;06069;93;70;0.01750112
110;06069;94;70;0.01750112
110;06069;95;70;0.01079909
110;06069;96;70;0.00546049
110;06069;90;71;0.00370319
110;06069;91;71;0.01510254
110;06069;92;71;0.01824373
110;06069;93;71;0.01795747
110;06069;94;71;0.01638929
110;06069;95;71;0.01619843
110;06069;96;71;0.01593336
110;06069;97;71;0.00264957
110;06069;89;72;0.00031641
110;06069;90;72;0.00465943
110;06069;91;72;0.01284634
110;06069;92;72;0.01843103
110;06069;93;72;0.01988715
110;06069;94;72;0.01093271
110;06069;95;72;0.01558183
110;06069;96;72;0.01619853
110;06069;97;72;0.00501806
110;06069;89;73;0.00356839
110;06069;90;73;0.00508997
110;06069;91;73;0.00650948
110;06069;92;73;0.01506462
110;06069;93;73;0.01828825
110;06069;94;73;0.01649550
110;06069;95;73;0.01619853
110;06069;96;73;0.01619853
110;06069;97;73;0.00435741
110;06069;89;74;0.00176502
110;06069;90;74;0.00572686
110;06069;91;74;0.00863468
110;06069;92;74;0.01710010
110;06069;93;74;0.01280329
110;06069;94;74;0.01326837
110;06069;95;74;0.01619853
110;06069;96;74;0.01485554
110;06069;97;74;0.00194105
110;06069;89;75;0.00074152
110;06069;90;75;0.00542945
110;06069;91;75;0.00604737
110;06069;92;75;0.01324057
110;06069;94;75;0.00006388
110;06069;95;75;0.00306360
110;06069;96;75;0.01472976
110;06069;97;75;0.00143353
110;06069;89;76;0.00228200
110;06069;90;76;0.00491462
110;06069;91;76;0.00227847
110;06069;92;76;0.00377145
110;06069;95;76;0.00106876
110;06069;96;76;0.00550643
110;06069;90;77;0.00005784
110;06069;91;77;0.00011344
110;06069;92;77;0.00019271
110;06069;97;80;0.00038641
110;06069;98;80;0.00039346
110;06069;97;81;0.00582602
110;06069;98;81;0.01085441
110;06069;96;82;0.00037031
110;06069;97;82;0.01270052
110;06069;98;82;0.01302414
110;06069;99;82;0.00412305
110;06069;100;82;0.00617064
110;06069;101;82;0.00979207
110;06069;102;82;0.00222759
110;06069;153;82;0.00170187
110;06069;154;82;0.00083299
110;06069;97;83;0.00586771
110;06069;98;83;0.00658192
110;06069;99;83;0.00838242
110;06069;100;83;0.00881410
110;06069;101;83;0.00251297
110;06069;153;83;0.00404061
110;06069;154;83;0.00331046
110;06069;155;83;0.00001275
110;06069;99;84;0.00004977
110;06069;100;84;0.00000413
110;06069;153;84;0.00433345
110;06069;154;84;0.00298852
110;06069;152;85;0.00093017
110;06069;153;85;0.00301054
110;06069;154;85;0.00031300
110;06069;152;86;0.00108131
110;06069;153;86;0.00098894
110;06069;152;87;0.00011284
110;06069;153;87;0.00031555
110;06064;122;47;0.00005893
110;06064;123;47;0.00067635
110;06064;113;48;0.00013516
110;06064;114;48;0.00007803
110;06064;118;48;0.00595994
110;06064;119;48;0.00089062
110;06064;122;48;0.00150337
110;06064;123;48;0.00490159
110;06064;112;49;0.00001066
110;06064;113;49;0.00761486
110;06064;114;49;0.00335107
110;06064;117;49;0.00853595
110;06064;118;49;0.01336410
110;06064;119;49;0.00550316
110;06064;122;49;0.00003182
110;06064;123;49;0.00033116
110;06064;112;50;0.00210966
110;06064;113;50;0.01463748
110;06064;114;50;0.00462684
110;06064;115;50;0.00951887
110;06064;116;50;0.00465430
110;06064;117;50;0.01185766
110;06064;118;50;0.01523782
110;06064;119;50;0.00616407
110;06064;120;50;0.00395064
110;06064;121;50;0.00346980
110;06064;122;50;0.00004374
110;06064;108;51;0.00053359
110;06064;112;51;0.00622902
110;06064;113;51;0.01463890
110;06064;114;51;0.00869247
110;06064;115;51;0.04071688
110;06064;116;51;0.01482303
110;06064;117;51;0.01363222
110;06064;118;51;0.01995515
110;06064;119;51;0.02033964
110;06064;120;51;0.00798440
110;06064;121;51;0.00781502
110;06064;122;51;0.00349682
110;06064;108;52;0.00871486
110;06064;112;52;0.00315630
110;06064;113;52;0.01615566
110;06064;114;52;0.02140508
110;06064;115;52;0.03561110
110;06064;116;52;0.03403323
110;06064;117;52;0.03324620
110;06064;118;52;0.02709460
110;06064;119;52;0.02481185
110;06064;120;52;0.01059826
110;06064;121;52;0.00271743
110;06064;122;52;0.00346289
110;06064;108;53;0.00075247
110;06064;111;53;0.00462860
110;06064;112;53;0.01252306
110;06064;113;53;0.02370771
110;06064;114;53;0.02396113
110;06064;115;53;0.03261632
110;06064;116;53;0.03416188
110;06064;117;53;0.01263479
110;06064;118;53;0.01825421
110;06064;119;53;0.00530318
110;06064;110;54;0.00219549
110;06064;111;54;0.00869175
110;06064;112;54;0.01463890
110;06064;113;54;0.02913838
110;06064;114;54;0.01913320
110;06064;115;54;0.01233368
110;06064;116;54;0.00456639
110;06064;117;54;0.00647846
110;06064;118;54;0.00311593
110;06064;108;55;0.00214564
110;06064;109;55;0.00277630
110;06064;110;55;0.01187364
110;06064;111;55;0.01463851
110;06064;112;55;0.01463890
110;06064;113;55;0.03510194
110;06064;114;55;0.01076441
110;06064;115;55;0.00363800
110;06064;116;55;0.00220109
110;06064;108;56;0.00113999
110;06064;109;56;0.01242989
110;06064;110;56;0.00592251
110;06064;111;56;0.01431697
110;06064;112;56;0.01327389
110;06064;113;56;0.01876590
110;06064;114;56;0.00488704
110;06064;108;57;0.00035664
110;06064;109;57;0.00306760
110;06064;110;57;0.00047659
110;06064;111;57;0.00503794
110;06064;112;57;0.00796215
110;06064;113;57;0.00045079
110;06064;109;58;0.00245741
110;06064;110;58;0.00879367
110;06064;111;58;0.00625953
110;06064;112;58;0.00907708
110;06064;113;58;0.00491867
110;06064;109;59;0.00032590
110;06064;110;59;0.00169481
110;06064;111;59;0.00190885
110;06064;112;59;0.00078001
110;06066;149;49;0.06478450
110;06066;150;49;0.00004437
110;06066;154;51;0.03040581
110;06066;155;51;0.05617978
110;06066;156;51;0.13017222
110;06066;155;52;0.06123171
110;06066;156;52;0.08825994
110;06066;155;53;0.08988388
110;06066;156;53;0.00785293
110;06067;148;49;0.28075370
110;06067;149;49;0.71924630
