#GRID CA_State12k -684000. -564000. 12000. 12000. 107 97 1 LAMBERT METERS 30. 60. -120.5 -120.5 37.
301;06001;61;61;0.08809345
301;06001;61;63;0.06959483
301;06001;62;60;0.00074642
301;06001;62;61;0.01026791
301;06001;62;62;0.03779852
301;06001;62;63;0.05962871
301;06001;62;64;0.22895868
301;06001;63;62;0.0284391
301;06001;63;63;0.1217537
301;06001;63;64;0.33488536
301;06001;63;65;0.00057531
301;06001;64;60;0.00416301
301;06001;64;63;0.01509502
301;06002;70;52;0.00018961
301;06002;71;50;9.451e-05
301;06002;71;51;0.00039371
301;06002;71;52;0.0010327
301;06002;72;50;0.00863826
301;06002;72;51;0.02511336
301;06002;72;52;0.04964847
301;06002;73;49;0.00146879
301;06002;73;50;0.02084595
301;06002;73;51;0.18690334
301;06002;73;52;0.01503295
301;06002;74;44;0.00121823
301;06002;74;46;0.01316125
301;06002;74;47;0.03444345
301;06002;74;48;0.02607485
301;06002;74;49;0.02400957
301;06002;74;50;0.06439932
301;06002;74;51;0.00294047
301;06002;75;43;0.00081909
301;06002;75;44;0.00419599
301;06002;75;45;0.03622596
301;06002;75;46;0.02130626
301;06002;75;49;0.00093289
301;06002;75;50;0.0097907
301;06002;75;51;0.03159361
301;06002;76;38;0.00049845
301;06002;76;40;0.01516428
301;06002;76;41;0.02421997
301;06002;76;42;0.02859768
301;06002;76;43;0.01842808
301;06002;76;44;0.03644171
301;06002;76;45;0.00730601
301;06002;76;48;0.00823564
301;06002;76;49;0.00990471
301;06002;76;50;0.00075581
301;06002;76;51;0.01167696
301;06002;76;52;0.02407764
301;06002;77;37;0.00431063
301;06002;77;38;0.02690917
301;06002;77;39;0.02457127
301;06002;77;40;0.00621488
301;06002;77;42;0.00051324
301;06002;77;43;0.00300801
301;06002;77;44;0.00205549
301;06002;77;45;0.00018151
301;06002;77;46;0.00042848
301;06002;77;47;0.00609579
301;06002;77;48;0.00049853
301;06002;77;50;0.00126203
301;06002;77;51;0.00656465
301;06002;77;52;6.855e-05
301;06002;78;42;0.00350309
301;06002;78;43;0.00013964
301;06002;78;44;0.00078835
301;06002;78;45;0.00045546
301;06002;78;50;0.00094105
301;06002;79;42;0.00780729
301;06002;79;43;0.00095866
301;06002;79;44;0.00068713
301;06002;79;45;0.00015712
301;06002;79;49;0.00014994
301;06002;79;50;0.0006907
301;06002;80;42;0.00350122
301;06002;80;48;0.00021312
301;06002;80;49;0.00058041
301;06002;81;37;0.00013615
301;06002;81;38;0.00830299
301;06002;81;39;0.0164685
301;06002;81;40;0.00121028
301;06002;81;41;0.00114498
301;06002;81;42;0.00218919
301;06002;81;43;0.00134332
301;06002;81;47;0.00075271
301;06002;81;48;0.00082914
301;06002;82;40;0.00059423
301;06002;82;41;0.00019333
301;06002;82;43;0.00060126
301;06002;82;44;0.00195563
301;06002;82;45;0.00156327
301;06002;82;46;0.00122576
301;06002;82;47;0.00038094
301;06002;83;45;0.00552804
301;06002;83;46;0.00087499
301;06002;84;43;0.00673039
301;06002;84;44;0.00403531
301;06002;84;45;0.00386701
301;06002;84;46;0.00057615
301;06002;84;47;9.61e-06
301;06002;85;39;0.00194962
301;06002;85;40;0.00875195
301;06002;85;41;0.00780959
301;06002;85;42;0.00753017
301;06002;85;43;0.00528134
301;06002;86;39;0.00620958
301;06002;86;42;0.00029255
301;06002;86;43;0.00348514
301;06002;87;39;0.00018469
301;06002;87;42;0.00354184
301;06002;88;38;0.00037333
301;06002;88;39;0.00095574
301;06002;88;40;6.116e-05
301;06002;88;41;0.00093009
301;06002;88;42;0.00291678
301;06002;88;43;0.00119991
301;06002;89;38;0.0046875
301;06002;89;39;0.00517225
301;06002;89;40;0.00459585
301;06002;89;41;0.00098615
301;06002;90;38;0.00064518
301;06002;90;39;0.00044124
301;06002;90;41;0.00140436
301;06002;91;39;0.00086535
301;06002;92;39;0.00014282
301;06002;92;40;3.692e-05
301;06003;64;60;0.00274681
301;06003;64;63;0.00194917
301;06003;65;60;0.03998163
301;06003;65;61;0.04559179
301;06003;65;62;0.05999739
301;06003;65;63;0.01907874
301;06003;66;58;0.00140189
301;06003;66;59;0.00663794
301;06003;66;60;0.02117383
301;06003;67;56;0.01575172
301;06003;67;57;0.02431721
301;06003;67;58;0.04173033
301;06003;67;59;0.04952106
301;06003;67;60;0.00435539
301;06003;67;61;0.00021944
301;06003;68;53;0.00045376
301;06003;68;54;0.00378648
301;06003;68;55;0.04893564
301;06003;68;56;0.05034464
301;06003;68;57;0.02071
301;06003;68;58;0.00341207
301;06003;68;59;0.00103135
301;06003;69;53;0.00423473
301;06003;69;54;0.18119687
301;06003;69;55;0.02502303
301;06003;69;56;0.00273094
301;06003;69;58;0.00098976
301;06003;70;52;1.53e-05
301;06003;70;53;0.0591538
301;06003;70;54;0.04651323
301;06003;70;55;0.00043386
301;06003;70;56;0.00279569
301;06003;70;58;0.00036458
301;06003;71;52;0.00576028
301;06003;71;53;0.10430254
301;06003;71;54;0.00196396
301;06003;71;55;0.00086849
301;06003;71;56;0.00293492
301;06003;72;52;0.02366488
301;06003;72;53;0.00832468
301;06003;72;55;0.01609138
301;06003;72;56;0.00384858
301;06003;73;52;0.00328452
301;06003;73;53;0.02007607
301;06003;73;54;0.01249606
301;06003;73;55;0.00280192
301;06003;73;56;0.0002045
301;06003;76;52;0.00534756
301;06003;76;53;0.00128534
301;06003;77;52;7.898e-05
301;06003;77;53;8.531e-05
301;06004;40;66;0.00066596
301;06004;40;67;0.00218458
301;06004;40;68;0.02459296
301;06004;40;69;0.00070814
301;06004;40;70;0.00064568
301;06004;41;66;0.12716492
301;06004;41;67;0.1662598
301;06004;41;68;0.04337914
301;06004;41;69;0.0102322
301;06004;41;70;0.00516941
301;06004;42;64;0.00595275
301;06004;42;65;0.04158081
301;06004;42;66;0.13548965
301;06004;42;67;0.04008757
301;06004;43;63;0.01132218
301;06004;43;64;0.08964467
301;06004;43;65;0.11409992
301;06004;43;66;0.15064678
301;06004;43;67;0.00014054
301;06004;44;63;0.00019108
301;06004;44;64;0.00089185
301;06004;44;65;0.00738004
301;06004;44;66;0.02141918
301;06004;45;64;4.042e-05
301;06004;45;65;0.00010977
301;06005;60;66;0.01691408
301;06005;61;63;0.00017611
301;06005;61;64;0.11302529
301;06005;61;65;0.60754002
301;06005;61;66;0.02933311
301;06005;62;64;0.01208014
301;06005;62;65;0.21603858
301;06005;62;66;0.00489268
301;06006;60;66;0.00719771
301;06006;60;67;0.32568383
301;06006;60;68;0.15242273
301;06006;61;66;0.00010782
301;06006;61;68;0.51458791
301;06007;54;59;0.00974989
301;06007;54;60;0.01701913
301;06007;54;61;0.02720545
301;06007;54;62;0.00013121
301;06007;55;59;0.01702918
301;06007;55;60;0.12092532
301;06007;55;61;0.21499024
301;06007;55;62;0.00687476
301;06007;56;59;0.00015034
301;06007;56;60;0.2114397
301;06007;56;61;0.06409237
301;06007;56;62;0.08199723
301;06007;57;60;0.04287139
301;06007;57;61;0.10318982
301;06007;57;62;6.18e-06
301;06007;58;61;0.0506324
301;06007;58;62;0.00288601
301;06007;59;62;0.01028554
301;06007;60;62;0.00463193
301;06007;60;63;0.00582958
301;06007;61;61;7.04e-06
301;06007;61;63;0.00805529
301;06008;54;59;0.01000846
301;06008;55;57;0.00203712
301;06008;55;58;0.09998342
301;06008;55;59;0.0526281
301;06008;56;56;0.02209709
301;06008;56;57;0.00252793
301;06008;56;58;0.00512203
301;06008;56;59;0.13866282
301;06008;56;60;0.02676623
301;06008;57;55;0.00447679
301;06008;57;56;0.01655987
301;06008;57;57;0.07711342
301;06008;57;58;0.1411048
301;06008;57;59;0.05192146
301;06008;57;60;0.02579059
301;06008;57;61;0.00758162
301;06008;58;56;9.775e-05
301;06008;58;57;0.01818828
301;06008;58;58;0.16430677
301;06008;58;59;0.01204479
301;06008;58;60;0.00667614
301;06008;58;61;0.0068107
301;06008;59;58;0.00730629
301;06008;59;59;0.07594093
301;06008;59;60;0.00880783
301;06008;60;60;0.00771476
301;06008;60;61;0.00223041
301;06008;61;61;0.00549357
301;06009;53;63;0.00019374
301;06009;53;64;0.0008633
301;06009;54;61;0.00027724
301;06009;54;62;0.01194297
301;06009;54;63;0.19701178
301;06009;54;64;0.01245625
301;06009;54;65;0.03172936
301;06009;55;62;0.01206028
301;06009;55;63;0.21280217
301;06009;55;64;0.04577831
301;06009;55;65;0.04018637
301;06009;55;66;0.00022088
301;06009;56;62;0.00650331
301;06009;56;63;0.12566976
301;06009;56;64;0.06806226
301;06009;56;65;0.00292396
301;06009;56;66;0.00024988
301;06009;57;61;0.00033707
301;06009;57;62;0.00502487
301;06009;57;63;0.02944236
301;06009;57;64;0.06894396
301;06009;57;65;0.00231511
301;06009;58;61;0.00027905
301;06009;58;62;0.00163451
301;06009;58;63;0.00314212
301;06009;58;64;0.02542138
301;06009;58;65;0.00176027
301;06009;59;62;0.00169103
301;06009;59;63;0.00208387
301;06009;59;64;0.02829907
301;06009;59;65;0.00257862
301;06009;60;62;0.00100663
301;06009;60;63;0.00624131
301;06009;60;64;0.0311831
301;06009;61;63;0.00379387
301;06009;61;64;0.01589005
301;06010;59;52;0.00498243
301;06010;59;53;0.01088107
301;06010;59;54;0.04102852
301;06010;60;50;0.00072762
301;06010;60;51;0.05607051
301;06010;60;52;0.0099757
301;06010;60;53;0.00929973
301;06010;60;54;0.04350197
301;06010;60;55;0.00410075
301;06010;61;51;1.747e-05
301;06010;61;52;0.19943397
301;06010;61;53;0.01744368
301;06010;61;54;0.00100156
301;06010;61;55;0.02287831
301;06010;62;50;0.00058793
301;06010;62;51;0.00268228
301;06010;62;52;0.20613792
301;06010;62;53;0.10584893
301;06010;62;54;0.02226561
301;06010;63;51;0.00057088
301;06010;63;52;0.15793977
301;06010;63;53;0.0042159
301;06010;63;54;0.01283071
301;06010;64;52;0.04521286
301;06010;64;54;0.0203639
301;06011;52;66;5.006e-05
301;06011;52;67;8.778e-05
301;06011;52;68;0.00464299
301;06011;53;66;0.00185544
301;06011;53;67;0.00822569
301;06011;53;68;0.05404459
301;06011;53;69;0.00996492
301;06011;54;66;0.06804402
301;06011;54;67;0.10351238
301;06011;54;68;0.33407276
301;06011;54;69;0.02027061
301;06011;54;70;1.966e-05
301;06011;55;67;0.02259258
301;06011;55;68;0.03291892
301;06011;55;69;0.00876413
301;06011;55;70;1.042e-05
301;06011;56;68;0.00301968
301;06011;56;69;0.00898206
301;06011;56;70;0.00010903
301;06011;57;69;0.03148205
301;06011;57;70;0.00010882
301;06011;57;71;0.0003925
301;06011;58;69;0.02039245
301;06011;58;70;5.642e-05
301;06011;59;69;0.06863748
301;06011;60;69;0.09718828
301;06011;60;70;0.00147529
301;06011;61;69;0.09790897
301;06011;61;70;0.00117006
301;06012;54;65;0.0187288
301;06012;54;66;0.18637604
301;06012;54;67;0.00074455
301;06012;55;65;0.00172907
301;06012;55;66;0.07363338
301;06012;55;67;0.21324373
301;06012;55;68;0.01366778
301;06012;56;66;0.00881072
301;06012;56;67;0.00392214
301;06012;56;68;0.19225049
301;06012;56;69;0.00039174
301;06012;57;65;6.036e-05
301;06012;57;67;0.00343586
301;06012;57;68;0.00330618
301;06012;57;69;0.07848221
301;06012;58;65;0.00012408
301;06012;58;67;0.0028489
301;06012;58;68;0.00058703
301;06012;58;69;0.07044955
301;06012;59;68;0.00083024
301;06012;59;69;0.03864471
301;06012;60;67;0.00071111
301;06012;60;68;0.02022695
301;06012;60;69;0.03928136
301;06012;61;68;0.02399211
301;06012;61;69;0.00352093
301;06013;51;78;0.0004059
301;06013;52;73;0.01737309
301;06013;52;74;0.01653611
301;06013;52;75;0.00551655
301;06013;52;77;0.0070473
301;06013;52;78;1.58e-06
301;06013;53;74;0.03428806
301;06013;53;75;0.02097534
301;06013;53;76;0.00394683
301;06013;53;77;0.02994757
301;06013;53;78;0.0560662
301;06013;54;71;0.00038698
301;06013;54;72;0.01722897
301;06013;54;74;0.03707097
301;06013;54;75;0.01331081
301;06013;54;76;0.01152516
301;06013;54;77;0.02678047
301;06013;54;78;0.02045502
301;06013;54;79;0.00069356
301;06013;55;72;0.01340672
301;06013;55;73;0.03410685
301;06013;55;74;0.14218656
301;06013;55;75;0.05409875
301;06013;55;76;0.07129088
301;06013;56;73;0.00261409
301;06013;56;74;0.03381455
301;06013;56;75;0.00146193
301;06013;56;76;0.00323988
301;06013;57;72;0.00687771
301;06013;57;73;0.08336087
301;06013;57;74;0.00308277
301;06013;57;75;0.00012633
301;06013;57;76;8.904e-05
301;06013;58;72;0.00271438
301;06013;58;73;0.09740922
301;06013;58;74;0.02646199
301;06013;58;77;0.00090229
301;06013;59;72;0.00377245
301;06013;59;73;0.04909131
301;06013;59;76;0.00172764
301;06013;60;72;0.00484816
301;06013;60;73;0.04015667
301;06013;60;74;0.00225283
301;06013;60;76;0.00037615
301;06013;61;73;0.00097342
301;06014;54;69;0.00080617
301;06014;54;70;0.00789628
301;06014;54;71;0.00458959
301;06014;54;72;0.00048782
301;06014;55;70;0.02460931
301;06014;55;71;0.04048784
301;06014;55;72;0.01625113
301;06014;55;73;0.00524381
301;06014;56;70;0.01100195
301;06014;56;71;0.03994704
301;06014;57;70;8.609e-05
301;06014;57;71;0.06197351
301;06014;57;72;0.02531642
301;06014;58;70;0.03275116
301;06014;58;71;0.02607979
301;06014;58;72;0.05541203
301;06014;59;70;0.08460548
301;06014;59;71;0.08010661
301;06014;59;72;0.05460827
301;06014;60;70;0.06833499
301;06014;60;71;0.0398808
301;06014;60;72;0.08109332
301;06014;61;70;0.07786743
301;06014;61;71;0.01749668
301;06014;61;72;0.14306646
301;06015;57;55;0.03097659
301;06015;57;56;0.00756597
301;06015;58;54;0.00378326
301;06015;58;55;0.01051931
301;06015;58;56;0.23210155
301;06015;58;57;0.05602609
301;06015;59;54;0.01253482
301;06015;59;55;0.03180007
301;06015;59;56;0.03478688
301;06015;59;57;0.30333107
301;06015;59;58;0.0004316
301;06015;59;59;0.00020377
301;06015;60;54;3.668e-05
301;06015;60;55;0.04869095
301;06015;60;56;0.02307755
301;06015;60;57;0.09656809
301;06015;60;58;0.00652425
301;06015;60;60;0.00186609
301;06015;61;55;0.03124159
301;06015;61;58;0.01976644
301;06015;61;59;0.01572345
301;06015;61;61;0.00010971
301;06015;62;55;0.01651444
301;06015;62;56;0.00046104
301;06015;62;59;0.00159349
301;06015;62;60;0.00648741
301;06015;63;56;0.00076934
301;06015;63;60;0.0043585
301;06015;64;60;0.00126777
301;06015;67;56;0.00088223
301;06016;47;43;0.00258901
301;06016;47;44;0.01004989
301;06016;47;45;0.00319202
301;06016;48;41;0.00189823
301;06016;48;42;0.00290716
301;06016;48;43;0.00548848
301;06016;48;44;0.14181841
301;06016;48;45;0.02440075
301;06016;48;47;0.00015662
301;06016;49;40;0.00115369
301;06016;49;41;0.00166944
301;06016;49;43;0.00465642
301;06016;49;44;0.03173148
301;06016;49;45;0.15748745
301;06016;49;46;0.10259901
301;06016;49;47;0.0385872
301;06016;50;39;0.00137005
301;06016;50;40;0.00062399
301;06016;50;42;0.00035915
301;06016;50;43;0.0002234
301;06016;50;44;0.03923136
301;06016;50;45;0.13508246
301;06016;50;46;0.02824644
301;06016;50;47;0.00541539
301;06016;51;37;0.00072308
301;06016;51;38;0.00142262
301;06016;51;39;0.00036401
301;06016;51;41;0.00097728
301;06016;51;42;0.00015917
301;06016;51;43;0.03340724
301;06016;51;44;0.02930952
301;06016;51;46;0.00017312
301;06016;52;37;0.00037054
301;06016;52;41;0.00158101
301;06016;52;42;0.03866435
301;06016;52;43;0.02982607
301;06016;52;44;4.942e-05
301;06016;53;38;0.00015779
301;06016;53;39;0.00018945
301;06016;53;40;0.00023591
301;06016;53;41;0.04164383
301;06016;53;42;0.00548032
301;06016;53;43;6.563e-05
301;06016;54;37;0.00020001
301;06016;54;38;0.00036652
301;06016;54;39;0.00359748
301;06016;54;40;0.01968089
301;06016;54;41;0.00275892
301;06016;54;42;3.375e-05
301;06016;55;37;0.00014634
301;06016;55;38;0.01515178
301;06016;55;39;0.01107607
301;06016;55;40;0.00073006
301;06016;55;41;0.00010059
301;06016;55;42;5.15e-06
301;06016;56;37;0.0171347
301;06016;56;38;0.00187665
301;06016;56;40;0.00032072
301;06016;56;41;0.00033287
301;06016;56;42;5.51e-06
301;06016;57;37;0.00012234
301;06016;57;38;0.00011199
301;06016;57;39;9.423e-05
301;06016;57;40;0.00010806
301;06016;58;38;0.00017905
301;06016;59;37;0.00010532
301;06016;59;38;2.31e-05
301;06017;50;46;0.05156332
301;06017;50;47;0.36548052
301;06017;51;46;0.16751152
301;06017;51;47;0.29371439
301;06017;51;48;0.04172656
301;06017;52;44;4.3e-07
301;06017;52;45;0.00852183
301;06017;52;46;0.02976438
301;06017;52;47;0.0134928
301;06017;53;43;0.00143321
301;06017;53;44;0.00266325
301;06017;53;45;0.00155278
301;06017;53;46;0.00033881
301;06017;54;42;0.00411646
301;06017;54;43;0.00342848
301;06017;54;44;0.00038905
301;06017;54;45;0.00062996
301;06017;55;41;3.15e-05
301;06017;55;42;0.00462133
301;06017;55;43;0.00012839
301;06017;55;44;0.00137758
301;06017;55;45;0.00051981
301;06017;56;41;0.00110533
301;06017;56;42;0.00415474
301;06017;56;43;0.00066861
301;06017;56;44;0.00053457
301;06017;57;42;0.00014085
301;06017;57;43;0.00038949
301;06018;45;48;0.00377856
301;06018;45;49;0.00474714
301;06018;45;50;0.00011805
301;06018;46;48;0.02932119
301;06018;46;49;0.06714941
301;06018;46;50;0.00587236
301;06018;46;51;2.15e-06
301;06018;47;47;0.00083435
301;06018;47;48;0.39077191
301;06018;47;49;0.15619103
301;06018;47;50;0.00729795
301;06018;48;47;0.09775902
301;06018;48;48;0.04916536
301;06018;48;49;0.00096115
301;06018;49;47;0.15707096
301;06018;49;48;0.01943782
301;06018;50;47;0.0095216
301;06019;33;91;0.37387709
301;06019;33;92;0.12106526
301;06019;33;93;0.08903843
301;06019;34;89;0.0707736
301;06019;34;90;0.03657833
301;06019;34;91;0.02127205
301;06019;34;92;0.18126088
301;06019;34;93;0.03507638
301;06019;35;90;0.0001622
301;06019;35;91;0.00236205
301;06019;35;92;0.02881049
301;06019;36;92;0.02086837
301;06019;36;93;0.01879342
301;06019;38;93;6.147e-05
301;06020;31;79;0.00073724
301;06020;31;80;0.00036793
301;06020;32;78;0.00094291
301;06020;32;79;0.00026074
301;06020;32;80;0.00096834
301;06020;32;81;0.01437076
301;06020;32;82;0.00026758
301;06020;33;76;0.00033022
301;06020;33;77;0.00018079
301;06020;33;78;0.00147063
301;06020;33;79;1.48e-06
301;06020;33;80;0.05495837
301;06020;33;81;0.11644524
301;06020;33;82;0.1577721
301;06020;33;83;0.19063607
301;06020;33;84;0.06590724
301;06020;33;85;0.02768016
301;06020;33;86;0.00826501
301;06020;34;75;8.465e-05
301;06020;34;76;0.00129677
301;06020;34;77;9.163e-05
301;06020;34;78;0.00767487
301;06020;34;79;0.02818622
301;06020;34;80;0.00579149
301;06020;34;81;0.00010522
301;06020;34;82;0.00536245
301;06020;34;83;0.11190988
301;06020;34;84;0.03856564
301;06020;34;86;0.0022252
301;06020;34;87;0.01158303
301;06020;34;88;0.01365714
301;06020;34;89;0.0006189
301;06020;35;75;0.00122509
301;06020;35;76;0.02056269
301;06020;35;77;0.02453398
301;06020;35;78;0.01735762
301;06020;35;79;0.0005358
301;06020;35;80;0.004461
301;06020;35;81;0.00063663
301;06020;35;82;0.00041047
301;06020;35;83;0.00421715
301;06020;35;84;0.0102716
301;06020;35;86;0.00235228
301;06020;35;87;0.00048794
301;06020;36;75;7.789e-05
301;06020;36;76;0.00193387
301;06020;36;77;0.00108728
301;06020;36;78;0.00171946
301;06020;36;79;0.00232345
301;06020;36;80;0.00174831
301;06020;36;83;0.00362152
301;06020;36;84;0.00378996
301;06020;36;85;0.00725048
301;06020;36;86;0.00330285
301;06020;36;87;0.00020289
301;06020;37;76;3.6e-07
301;06020;37;77;0.00108884
301;06020;37;79;0.00089929
301;06020;37;80;0.0008391
301;06020;37;83;0.00135219
301;06020;37;84;0.00985141
301;06020;37;86;0.00040613
301;06020;37;87;0.00193952
301;06020;38;83;1.68e-06
301;06020;38;84;1.411e-05
301;06020;38;87;0.00061003
301;06020;38;88;0.00017118
301;06021;34;75;0.00031773
301;06021;35;65;0.00094854
301;06021;35;66;0.00452208
301;06021;35;67;0.00263853
301;06021;35;68;0.008081
301;06021;35;69;0.03309444
301;06021;35;70;0.07455516
301;06021;35;71;0.0044
301;06021;35;72;0.00463715
301;06021;35;73;0.00190787
301;06021;35;74;0.00541026
301;06021;35;75;0.02257206
301;06021;36;64;0.0014049
301;06021;36;65;0.00619069
301;06021;36;66;0.0062341
301;06021;36;67;0.00184809
301;06021;36;68;0.00926575
301;06021;36;69;0.00878015
301;06021;36;70;0.00451268
301;06021;36;72;0.00647222
301;06021;36;74;0.02258662
301;06021;36;75;0.0002774
301;06021;37;64;0.00145255
301;06021;37;65;8.78e-05
301;06021;37;66;0.00380532
301;06021;37;67;0.00994669
301;06021;37;68;0.01503822
301;06021;37;69;0.0093651
301;06021;37;70;0.00419811
301;06021;37;71;0.00285946
301;06021;37;72;0.01729206
301;06021;37;73;0.01181622
301;06021;37;74;0.01152342
301;06021;37;75;0.00030241
301;06021;38;65;0.00081538
301;06021;38;66;0.01476284
301;06021;38;67;0.00252646
301;06021;38;68;0.00829815
301;06021;38;69;0.01993308
301;06021;38;70;0.07371459
301;06021;38;71;0.01492128
301;06021;38;72;0.00181944
301;06021;38;73;0.00120185
301;06021;38;74;0.00048469
301;06021;38;75;0.00184115
301;06021;39;65;0.00334673
301;06021;39;66;0.01874265
301;06021;39;67;0.08044599
301;06021;39;68;0.21770361
301;06021;39;69;0.07227444
301;06021;39;70;0.00602306
301;06021;39;71;0.00105686
301;06021;39;73;0.00627098
301;06021;39;74;0.00840629
301;06021;40;65;0.03477798
301;06021;40;66;0.05887658
301;06021;40;67;0.00017148
301;06021;40;68;0.02234601
301;06021;40;69;0.00616734
301;06021;40;70;0.0024031
301;06021;40;73;0.00056052
301;06021;40;74;0.00097573
301;06021;41;73;0.00054184
301;06021;41;74;0.00024408
301;06021;42;65;1.03e-06
301;06022;36;64;0.00011899
301;06022;37;63;0.00563779
301;06022;37;64;0.01518268
301;06022;38;62;0.00932056
301;06022;38;63;0.01749581
301;06022;38;64;0.00453723
301;06022;39;61;0.01346937
301;06022;39;62;0.01246432
301;06022;39;63;0.01022093
301;06022;40;60;0.02794789
301;06022;40;61;0.05260918
301;06022;40;62;0.03245961
301;06022;40;63;0.008475
301;06022;40;64;0.12250531
301;06022;40;65;0.03245893
301;06022;41;60;0.01971711
301;06022;41;61;0.0499727
301;06022;41;62;0.16138996
301;06022;41;63;0.30370277
301;06022;41;64;0.06619165
301;06022;42;62;0.00365056
301;06022;42;63;0.01915238
301;06022;42;64;0.0016442
301;06022;42;65;1.466e-05
301;06022;43;62;0.0009243
301;06022;43;63;0.00873608
301;06023;37;76;1.691e-05
301;06023;37;77;0.00217598
301;06023;37;78;0.00378462
301;06023;37;79;0.01915111
301;06023;37;80;0.00840594
301;06023;37;81;4.472e-05
301;06023;37;83;0.02579569
301;06023;37;84;0.00443559
301;06023;38;75;0.00054276
301;06023;38;77;0.00067783
301;06023;38;78;0.00921412
301;06023;38;79;0.01747292
301;06023;38;80;0.00175566
301;06023;38;81;0.00335177
301;06023;38;82;0.01154666
301;06023;38;83;0.01832905
301;06023;38;84;0.00539722
301;06023;39;77;0.00502782
301;06023;39;78;0.00620326
301;06023;39;79;0.00825003
301;06023;39;80;0.01132778
301;06023;39;81;0.00190807
301;06023;39;82;0.03211164
301;06023;40;79;0.01424574
301;06023;40;80;0.02321868
301;06023;40;82;0.32882372
301;06023;40;83;0.00151849
301;06023;41;78;3.67e-06
301;06023;41;79;0.00122609
301;06023;41;80;0.003823
301;06023;41;81;0.06405262
301;06023;41;82;0.23195528
301;06023;41;83;0.00337611
301;06023;42;81;0.05030366
301;06023;42;82;0.04775034
301;06023;42;83;0.00906823
301;06023;42;85;0.00033609
301;06023;42;86;0.00071693
301;06023;43;81;0.00576517
301;06023;43;82;0.000125
301;06023;43;83;0.00100403
301;06023;43;84;0.01043773
301;06023;43;85;0.00336894
301;06023;43;86;0.00137648
301;06023;43;87;5.902e-05
301;06023;44;83;0.0001422
301;06023;44;84;0.00037568
301;06024;52;81;0.00246077
301;06024;52;82;5.94e-06
301;06024;52;83;0.00261523
301;06024;52;84;0.0026119
301;06024;52;85;0.00477039
301;06024;53;81;0.01634261
301;06024;53;82;4.468e-05
301;06024;53;83;0.00038351
301;06024;53;84;0.00187398
301;06024;53;85;0.00884484
301;06024;53;86;0.00023226
301;06024;54;77;0.00089873
301;06024;54;78;0.01763484
301;06024;54;79;0.00336281
301;06024;54;80;0.02605455
301;06024;54;81;0.00025814
301;06024;54;83;0.00101503
301;06024;54;84;0.00016333
301;06024;54;85;0.01292998
301;06024;54;86;0.00143171
301;06024;55;78;0.01296958
301;06024;55;79;0.01608613
301;06024;55;80;0.00926189
301;06024;55;84;0.00258262
301;06024;55;85;0.00729503
301;06024;55;86;0.00058612
301;06024;56;78;0.00635449
301;06024;56;79;0.056504
301;06024;56;80;0.02549964
301;06024;56;81;0.04421398
301;06024;56;82;0.0023959
301;06024;56;83;0.00260287
301;06024;56;84;0.00193814
301;06024;56;85;0.00025731
301;06024;57;78;0.13426526
301;06024;57;79;0.15949349
301;06024;57;80;0.00408381
301;06024;57;81;0.00229882
301;06024;57;82;0.00036527
301;06024;57;83;0.00027132
301;06024;58;77;0.03427009
301;06024;58;78;0.08007161
301;06024;58;79;0.00024037
301;06024;58;82;0.00158731
301;06024;58;83;0.00703363
301;06024;58;84;0.00385029
301;06024;58;85;0.00438363
301;06024;58;86;5.355e-05
301;06024;59;76;0.02240418
301;06024;59;77;0.00378361
301;06024;59;78;0.01383302
301;06024;59;79;0.0229698
301;06024;59;80;0.00166791
301;06024;59;81;0.00398461
301;06024;59;82;0.0072611
301;06024;59;83;0.00047381
301;06024;60;75;0.00915628
301;06024;60;76;0.04540866
301;06024;60;77;0.00031979
301;06024;60;78;0.00163901
301;06024;60;80;0.00229038
301;06024;60;81;0.00064278
301;06024;60;83;0.00010257
301;06024;61;72;0.02127207
301;06024;61;73;0.06441482
301;06024;61;74;0.02597938
301;06024;61;75;0.02388399
301;06024;61;77;0.00103822
301;06024;61;85;0.00266078
301;06024;61;86;6.18e-05
301;06025;51;91;0.00213426
301;06025;51;92;0.0028599
301;06025;52;86;8.146e-05
301;06025;52;90;0.00069022
301;06025;52;91;0.02821782
301;06025;52;92;0.10719723
301;06025;52;93;0.0229358
301;06025;53;86;0.01248446
301;06025;53;87;0.00997991
301;06025;53;88;0.01214443
301;06025;53;89;0.02062171
301;06025;53;90;0.01645787
301;06025;54;86;0.07323874
301;06025;54;87;0.00496596
301;06025;54;88;0.00541785
301;06025;54;89;0.00767169
301;06025;55;86;0.03243398
301;06025;55;87;0.01926989
301;06025;55;88;0.03972571
301;06025;56;87;0.01216639
301;06025;56;88;0.05427294
301;06025;56;92;0.00066689
301;06025;57;87;0.00646003
301;06025;57;88;0.09362356
301;06025;57;92;0.00166242
301;06025;58;86;0.02543887
301;06025;58;87;0.01588039
301;06025;58;88;0.09027254
301;06025;58;89;0.03884099
301;06025;58;90;0.0119191
301;06025;58;91;0.03276128
301;06025;58;92;0.03181967
301;06025;58;93;0.00682022
301;06025;59;86;0.00194226
301;06025;59;88;0.0041348
301;06025;59;89;0.01867155
301;06025;59;90;0.01856132
301;06025;59;91;0.010604
301;06025;59;92;0.01747876
301;06025;59;93;0.00225638
301;06025;60;86;0.00052629
301;06025;60;87;0.00681635
301;06025;60;88;0.00983022
301;06025;60;89;0.02170234
301;06025;60;90;0.00959849
301;06025;60;91;0.0098756
301;06025;60;92;0.00719063
301;06025;61;86;0.00722646
301;06025;61;89;0.00168008
301;06025;61;92;0.00867403
301;06025;61;93;0.00209624
301;06026;37;89;0.00012122
301;06026;38;87;0.00118574
301;06026;38;88;0.00133999
301;06026;38;89;0.00047086
301;06026;38;90;0.0008803
301;06026;38;91;0.00110152
301;06026;38;92;0.00200099
301;06026;38;93;2.969e-05
301;06026;39;86;0.00137919
301;06026;39;87;0.00231958
301;06026;39;91;0.00405112
301;06026;39;92;0.00251754
301;06026;40;85;0.00103422
301;06026;40;86;0.00192982
301;06026;40;87;0.00141833
301;06026;40;90;0.00143538
301;06026;40;91;0.00044119
301;06026;40;92;0.00120287
301;06026;41;86;0.00427468
301;06026;41;87;0.00100068
301;06026;41;88;0.00159318
301;06026;41;89;0.00053371
301;06026;41;90;0.00394097
301;06026;41;91;0.0030313
301;06026;41;92;0.00067665
301;06026;42;86;0.00372969
301;06026;42;87;0.00548243
301;06026;42;88;0.00667853
301;06026;42;89;0.01229571
301;06026;42;90;0.00908369
301;06026;42;91;2.678e-05
301;06026;42;92;0.00364131
301;06026;43;86;2.14e-06
301;06026;43;87;0.00257234
301;06026;43;88;0.00230014
301;06026;43;90;0.02998594
301;06026;43;91;0.03464118
301;06026;43;92;0.00176663
301;06026;43;93;0.00296509
301;06026;44;88;0.00190364
301;06026;44;89;0.03503683
301;06026;44;90;0.11797601
301;06026;44;91;0.09070525
301;06026;44;92;0.05828921
301;06026;44;93;0.02956354
301;06026;45;87;0.05748596
301;06026;45;88;0.14355928
301;06026;45;89;0.02625352
301;06026;45;90;0.00580163
301;06026;45;91;0.00203736
301;06026;45;92;0.00411953
301;06026;45;93;0.00172383
301;06026;46;86;0.07941441
301;06026;46;87;0.06817953
301;06026;46;88;0.00089944
301;06026;46;89;0.01994908
301;06026;46;90;0.00187851
301;06026;46;92;0.00018973
301;06026;46;93;0.00192415
301;06026;47;86;0.01249772
301;06026;47;90;0.01205715
301;06026;47;91;0.01054905
301;06026;48;86;0.00389449
301;06026;48;89;5.308e-05
301;06026;48;90;0.0018122
301;06026;48;91;0.00822324
301;06026;48;92;0.00892542
301;06026;48;93;0.00717558
301;06026;49;86;0.00374421
301;06026;49;91;0.0002158
301;06026;49;93;0.00128862
301;06026;50;86;0.00065086
301;06026;50;93;0.00025467
301;06026;51;90;0.00064459
301;06026;51;91;0.00873011
301;06026;51;92;0.00872421
301;06026;51;93;0.00845587
301;06026;52;92;2.954e-05
301;06026;52;93;0.00010082
301;06027;47;71;0.00060377
301;06027;47;72;4.076e-05
301;06027;47;73;0.00077134
301;06027;47;74;0.00035357
301;06027;48;69;0.00013618
301;06027;48;70;0.00121128
301;06027;48;71;0.00114256
301;06027;48;72;0.01046984
301;06027;48;73;0.11549355
301;06027;48;74;0.01010599
301;06027;49;69;0.00875562
301;06027;49;70;0.00637664
301;06027;49;71;0.00209358
301;06027;49;72;0.17248163
301;06027;49;73;0.16212398
301;06027;49;74;0.00213598
301;06027;50;69;0.06212106
301;06027;50;70;0.09154064
301;06027;50;71;0.08301882
301;06027;50;72;0.03887739
301;06027;50;73;0.10433364
301;06027;50;74;0.00762877
301;06027;50;75;0.0016962
301;06027;50;76;0.0005447
301;06027;51;69;0.00232779
301;06027;51;70;0.06057059
301;06027;51;71;0.03614138
301;06027;51;72;0.00370941
301;06027;51;73;0.00191993
301;06027;51;74;0.00027136
301;06027;51;75;0.00029221
301;06027;51;76;0.0004553
301;06027;52;69;0.00078496
301;06027;52;70;0.00352343
301;06027;52;71;0.00196651
301;06027;52;72;0.00068343
301;06027;52;73;0.00209241
301;06027;52;74;0.00037911
301;06027;53;71;0.00072764
301;06027;54;71;9.705e-05
301;06028;44;66;0.00577942
301;06028;44;67;0.00123647
301;06028;44;68;0.00034914
301;06028;44;69;0.00157144
301;06028;44;70;2.212e-05
301;06028;45;65;0.00080033
301;06028;45;66;0.02042282
301;06028;45;67;0.01866694
301;06028;45;69;0.00159469
301;06028;46;66;0.0008733
301;06028;46;67;0.11410909
301;06028;46;68;0.16749421
301;06028;46;69;0.14162562
301;06028;46;70;0.00031087
301;06028;47;65;0.04015569
301;06028;47;66;0.21849186
301;06028;47;67;0.10510589
301;06028;47;68;0.10435115
301;06028;47;69;0.01405612
301;06028;47;70;0.00278749
301;06028;48;65;0.00212462
301;06028;48;66;0.00753642
301;06028;48;67;0.02964236
301;06028;48;69;0.00085327
301;06028;49;66;3.866e-05
301;06029;41;73;0.00043823
301;06029;42;72;0.00074465
301;06029;42;73;0.00034864
301;06029;43;72;0.00095252
301;06029;43;73;7.61e-06
301;06029;44;69;1e-07
301;06029;44;70;0.00204444
301;06029;44;71;0.00462649
301;06029;44;72;0.00222275
301;06029;44;73;0.00107473
301;06029;45;69;1.24e-06
301;06029;45;71;0.00313326
301;06029;45;72;9.403e-05
301;06029;45;73;0.00083958
301;06029;46;69;0.0037448
301;06029;46;70;0.1766862
301;06029;46;71;0.27045737
301;06029;46;72;0.19029327
301;06029;46;73;0.18416248
301;06029;47;69;0.00050351
301;06029;47;70;0.0228206
301;06029;47;71;0.02444641
301;06029;47;72;0.02372635
301;06029;47;73;0.06169527
301;06029;48;69;0.00014083
301;06029;48;70;0.0163617
301;06029;48;71;0.00103488
301;06029;48;72;0.00069828
301;06029;48;73;0.00669977
301;06030;51;63;0.00015181
301;06030;51;64;0.00231831
301;06030;51;65;0.00074271
301;06030;51;66;0.00067287
301;06030;52;63;0.05714706
301;06030;52;64;0.38349897
301;06030;52;65;0.09143865
301;06030;52;66;0.00842898
301;06030;53;63;0.01720743
301;06030;53;64;0.22899098
301;06030;53;65;0.06372403
301;06030;53;66;0.00091608
301;06030;54;64;0.00022959
301;06030;54;65;0.12976523
301;06030;54;66;0.0147673
301;06031;48;57;0.00011086
301;06031;48;58;4.37e-06
301;06031;49;57;0.00172641
301;06031;49;58;0.00143767
301;06031;50;58;0.00219346
301;06031;50;59;0.00107049
301;06031;50;60;0.00042969
301;06031;50;61;0.00032863
301;06031;50;62;0.00188186
301;06031;50;63;0.01285873
301;06031;50;64;5.386e-05
301;06031;51;59;0.00578985
301;06031;51;60;0.01733776
301;06031;51;61;0.11563092
301;06031;51;62;0.26438777
301;06031;51;63;0.09647189
301;06031;51;64;4.108e-05
301;06031;52;59;0.01074123
301;06031;52;60;0.02707474
301;06031;52;61;0.04652457
301;06031;52;62;0.13273997
301;06031;52;63;0.15614942
301;06031;53;59;0.00026657
301;06031;53;60;0.00224356
301;06031;53;61;0.00714685
301;06031;53;62;0.01281589
301;06031;53;63;0.07278129
301;06031;54;60;0.00020322
301;06031;54;61;0.00161916
301;06031;54;62;0.00012349
301;06031;54;63;0.00781482
301;06032;41;78;0.00026881
301;06032;41;79;0.00014195
301;06032;42;78;0.00048165
301;06032;42;79;0.00041921
301;06032;43;78;1.2e-07
301;06032;43;79;0.0004848
301;06032;43;81;0.00557887
301;06032;43;82;0.00020537
301;06032;43;83;2.5e-07
301;06032;44;79;0.00600947
301;06032;44;80;0.01056598
301;06032;44;81;0.00387417
301;06032;44;83;0.00020246
301;06032;44;84;0.0001232
301;06032;45;78;0.00092178
301;06032;45;79;0.05425092
301;06032;45;80;0.39059335
301;06032;45;81;0.14035628
301;06032;45;82;0.02692948
301;06032;45;83;0.04055836
301;06032;45;84;0.03208967
301;06032;45;85;0.02126503
301;06032;46;78;0.00642137
301;06032;46;79;0.09788201
301;06032;46;80;0.0385593
301;06032;46;81;0.01679965
301;06032;46;82;0.00652067
301;06032;46;83;0.00357079
301;06032;46;85;0.01342627
301;06032;46;86;0.00498188
301;06032;47;79;0.0015828
301;06032;47;80;0.00602486
301;06032;47;81;0.00525339
301;06032;47;82;0.00319152
301;06032;47;86;0.00016907
301;06032;48;79;0.00424619
301;06032;48;80;0.00271023
301;06032;48;81;0.00152034
301;06032;48;82;0.00488639
301;06032;48;83;0.00396378
301;06032;48;84;0.00038775
301;06032;49;79;0.0009507
301;06032;49;80;0.00242452
301;06032;49;83;0.00280726
301;06032;49;86;0.00011626
301;06032;50;80;0.00152946
301;06032;50;83;0.01095937
301;06032;50;84;0.00180156
301;06032;50;85;0.00203175
301;06032;50;86;6.69e-05
301;06032;51;80;0.00082064
301;06032;51;81;0.00076491
301;06032;51;82;0.0016137
301;06032;51;83;0.0023617
301;06032;51;84;0.00589049
301;06032;51;85;0.0004281
301;06032;52;81;0.00274442
301;06032;52;82;3.6e-07
301;06032;52;83;5.53e-05
301;06032;52;84;0.00501445
301;06032;52;85;0.00019824
301;06032;52;86;4.1e-07
301;06033;46;61;0.00023364
301;06033;46;62;5e-08
301;06033;47;60;0.32366617
301;06033;47;61;0.01196213
301;06033;47;62;0.00137917
301;06033;48;58;0.00034089
301;06033;48;59;0.00308357
301;06033;48;60;0.19990437
301;06033;48;61;0.25915243
301;06033;48;62;0.01466272
301;06033;49;58;0.01871557
301;06033;49;59;0.03470574
301;06033;49;60;0.00217969
301;06033;49;61;0.02051352
301;06033;49;62;0.10820196
301;06033;50;58;9.861e-05
301;06033;50;59;0.00111991
301;06033;50;60;7.989e-05
301;06034;48;65;6.433e-05
301;06034;48;66;6.397e-05
301;06034;48;67;0.02129641
301;06034;49;64;0.00849321
301;06034;49;65;0.0185105
301;06034;49;66;0.00148474
301;06034;49;67;0.04578468
301;06034;49;68;0.00304849
301;06034;49;69;0.00027495
301;06034;50;64;0.00559874
301;06034;50;65;0.03600541
301;06034;50;66;0.10113914
301;06034;50;67;0.55331669
301;06034;50;68;0.08804408
301;06034;50;69;0.01488329
301;06034;51;64;0.00592237
301;06034;51;65;0.07542578
301;06034;51;66;0.02064324
301;06035;41;73;0.00016162
301;06035;42;78;0.00096233
301;06035;43;73;8.99e-06
301;06035;43;74;0.00018167
301;06035;43;78;0.00097842
301;06035;44;73;0.0002328
301;06035;44;74;0.00075772
301;06035;44;75;0.0002266
301;06035;44;76;0.00019617
301;06035;44;77;0.0011358
301;06035;44;78;0.00610047
301;06035;44;79;9.39e-05
301;06035;45;73;0.00078797
301;06035;45;74;0.00709512
301;06035;45;75;0.00356873
301;06035;45;76;0.00237313
301;06035;45;77;0.00429954
301;06035;45;78;0.01564326
301;06035;46;73;0.03088125
301;06035;46;74;0.14496236
301;06035;46;75;0.12187245
301;06035;46;76;0.16734581
301;06035;46;77;0.23778919
301;06035;46;78;0.1379417
301;06035;46;79;4.519e-05
301;06035;47;73;0.0005349
301;06035;47;74;0.02732041
301;06035;47;75;0.03012078
301;06035;47;76;0.02049832
301;06035;47;77;0.0011486
301;06035;47;78;0.00541333
301;06035;48;74;0.00681405
301;06035;48;78;0.00355741
301;06035;48;79;0.00120918
301;06035;49;74;0.00045546
301;06035;49;78;0.00203467
301;06035;49;79;0.00016306
301;06035;50;75;0.00178784
301;06035;50;76;0.00234919
301;06035;50;78;0.00204766
301;06035;51;76;0.00042075
301;06035;51;77;0.0029091
301;06035;51;78;0.00338188
301;06035;51;79;0.00016967
301;06035;52;77;0.00171528
301;06035;52;78;0.0003063
301;06036;44;65;4.913e-05
301;06036;45;65;0.00029455
301;06036;46;62;1.411e-05
301;06036;46;63;0.00156634
301;06036;46;64;0.00178895
301;06036;46;65;0.00056345
301;06036;47;61;0.00020987
301;06036;47;62;0.00629294
301;06036;47;63;0.01334305
301;06036;47;64;0.00081702
301;06036;47;65;0.01794117
301;06036;48;62;0.0265068
301;06036;48;63;0.03493384
301;06036;48;64;0.03638567
301;06036;48;65;0.02343968
301;06036;49;60;5.019e-05
301;06036;49;61;0.0005318
301;06036;49;62;0.14757409
301;06036;49;63;0.15542063
301;06036;49;64;0.01614344
301;06036;49;65;0.0008241
301;06036;50;60;0.00249235
301;06036;50;61;0.00571521
301;06036;50;62;0.231435
301;06036;50;63;0.03440171
301;06036;50;64;9.651e-05
301;06036;51;60;0.00087046
301;06036;51;61;0.02743431
301;06036;51;62;0.21286363
301;06037;50;65;0.00013331
301;06037;50;66;0.02248887
301;06037;50;67;0.33520795
301;06037;50;68;0.10788011
301;06037;50;69;0.01446255
301;06037;51;66;0.1521689
301;06037;51;67;0.15688131
301;06037;51;68;0.08236481
301;06037;51;69;0.00581316
301;06037;52;66;0.01106224
301;06037;52;67;0.00408402
301;06037;52;68;0.06217089
301;06037;52;69;0.01419631
301;06037;52;70;0.00616831
301;06037;52;71;0.00044792
301;06037;53;68;1.289e-05
301;06037;53;69;0.00685737
301;06037;53;70;0.0055744
301;06037;53;71;0.0011685
301;06037;54;69;0.00219703
301;06037;54;70;0.00759192
301;06037;54;71;0.00104903
301;06037;54;72;1.815e-05
301;06038;80;15;0.0034556
301;06038;80;16;0.00226001
301;06038;81;14;0.00453912
301;06038;81;15;0.00721481
301;06038;82;12;0.0042694
301;06038;82;13;0.02830487
301;06038;82;14;0.0387496
301;06038;82;15;4.72e-06
301;06038;82;16;0.00011124
301;06038;83;9;0.00567927
301;06038;83;10;0.07772564
301;06038;83;11;0.07352171
301;06038;83;12;0.04022284
301;06038;83;13;0.03140129
301;06038;83;14;0.02776847
301;06038;83;15;0.01851836
301;06038;83;16;0.00731306
301;06038;84;8;0.02299087
301;06038;84;9;0.10803645
301;06038;84;10;0.14157872
301;06038;84;11;0.06016011
301;06038;84;12;0.0483534
301;06038;84;13;0.05551298
301;06038;84;14;0.01126686
301;06038;84;15;0.00157356
301;06038;84;16;0.0001879
301;06038;85;8;0.0135489
301;06038;85;9;0.02224469
301;06038;85;10;0.07668494
301;06038;85;11;0.0194768
301;06038;85;12;0.00436913
301;06038;85;13;0.00095234
301;06038;85;14;0.00062862
301;06038;85;15;0.00097167
301;06038;85;16;2.596e-05
301;06038;86;9;0.00118518
301;06038;86;10;0.00366289
301;06038;86;11;0.01027771
301;06038;86;12;0.00197161
301;06038;86;13;0.00125879
301;06038;86;14;0.00029507
301;06038;86;15;0.00039332
301;06038;86;16;0.00012775
301;06038;87;8;6.81e-05
301;06038;87;9;0.00062141
301;06038;87;10;0.00040515
301;06038;87;11;0.00517571
301;06038;87;12;7.088e-05
301;06038;87;13;0.00074908
301;06038;87;14;0.00056266
301;06038;87;15;0.00013569
301;06038;88;8;0.0001236
301;06038;88;9;6.446e-05
301;06038;88;10;6.048e-05
301;06038;88;11;0.00241989
301;06038;88;12;0.0002858
301;06038;88;13;0.00044862
301;06038;88;14;0.00027234
301;06038;89;8;3.43e-06
301;06038;89;9;0.00021911
301;06038;89;10;0.00313441
301;06038;89;11;0.00015516
301;06038;89;12;7.071e-05
301;06038;89;13;0.00013403
301;06038;89;14;0.00016844
301;06038;89;15;8.172e-05
301;06038;90;9;0.00082493
301;06038;90;10;0.00076121
301;06038;90;12;3.616e-05
301;06038;90;13;1.361e-05
301;06038;90;14;0.00022688
301;06038;90;15;0.00010252
301;06038;91;9;0.00136149
301;06038;91;10;2.1e-07
301;06038;91;11;1.696e-05
301;06038;91;12;3.79e-06
301;06038;91;14;0.0006311
301;06038;91;15;3.841e-05
301;06038;91;16;2.29e-06
301;06038;92;9;0.00066445
301;06038;92;10;2.37e-06
301;06038;92;11;4.9e-07
301;06038;92;14;0.00107393
301;06038;92;15;2.7e-06
301;06038;92;16;9.41e-06
301;06039;45;54;1.439e-05
301;06039;45;55;0.13911585
301;06039;45;56;0.08683828
301;06039;46;53;0.00398738
301;06039;46;54;0.13514894
301;06039;46;55;0.13918668
301;06039;46;56;0.01009929
301;06039;47;52;0.01388711
301;06039;47;53;0.12426913
301;06039;47;54;0.07191044
301;06039;47;55;0.003959
301;06039;48;52;0.02508768
301;06039;48;53;0.03699975
301;06039;48;54;0.11791938
301;06039;48;55;0.00115125
301;06039;49;53;0.00024911
301;06039;49;54;0.07138935
301;06039;49;55;0.00284398
301;06039;50;52;5.89e-05
301;06039;50;53;0.00044256
301;06039;50;54;0.00513753
301;06039;50;55;0.01030402
301;06040;44;56;0.0118912
301;06040;44;57;0.00063682
301;06040;45;56;0.09435119
301;06040;45;57;0.13228126
301;06040;45;58;0.00017802
301;06040;46;55;0.00357658
301;06040;46;56;0.10372361
301;06040;46;57;0.07957001
301;06040;46;58;0.00241974
301;06040;47;54;0.00174591
301;06040;47;55;0.08656891
301;06040;47;56;0.17433228
301;06040;47;57;0.119687
301;06040;48;54;0.00280377
301;06040;48;55;0.03060423
301;06040;48;56;0.00921604
301;06040;48;57;0.06962129
301;06040;48;58;7.2e-07
301;06040;49;55;0.00080318
301;06040;49;56;0.02197024
301;06040;49;57;0.04601237
301;06040;49;58;6.765e-05
301;06040;50;55;0.00029402
301;06040;50;56;0.00594901
301;06040;50;57;0.001695
301;06041;40;57;0.00021993
301;06041;40;58;0.00029413
301;06041;40;59;0.00049859
301;06041;40;60;0.00031153
301;06041;41;57;3.142e-05
301;06041;41;58;0.0089821
301;06041;41;59;0.00537084
301;06041;41;60;0.00572519
301;06041;42;57;0.00912524
301;06041;42;58;0.00926805
301;06041;42;59;0.0033542
301;06041;43;56;0.13166802
301;06041;43;57;0.29688851
301;06041;43;58;0.22554864
301;06041;43;59;0.01091919
301;06041;44;55;0.00254591
301;06041;44;56;0.18189351
301;06041;44;57;0.09032481
301;06041;44;58;0.01703021
301;06042;43;62;0.03031617
301;06042;43;63;0.01912075
301;06042;44;58;0.00127584
301;06042;44;59;0.00196186
301;06042;44;60;0.00118318
301;06042;44;61;0.06268041
301;06042;44;62;0.062133
301;06042;44;63;0.002984
301;06042;44;64;8.1e-07
301;06042;44;65;2.3e-07
301;06042;45;58;0.0319122
301;06042;45;59;0.2656911
301;06042;45;60;0.3617417
301;06042;45;61;0.05011891
301;06042;45;62;0.00562918
301;06042;45;63;0.00333958
301;06042;45;64;0.00010919
301;06042;45;65;9.119e-05
301;06042;46;58;0.05617029
301;06042;46;59;0.01686545
301;06042;46;60;0.00757413
301;06042;46;61;0.01227877
301;06042;46;62;0.00679464
301;06042;47;60;5.72e-06
301;06042;47;62;2.17e-05
301;06043;43;55;0.00461659
301;06043;44;54;0.08204103
301;06043;44;55;0.89006912
301;06043;44;56;0.00638509
301;06043;45;55;0.01688818
301;06044;43;53;0.00549648
301;06044;44;49;0.00016391
301;06044;44;50;0.00217511
301;06044;44;51;0.00212065
301;06044;44;52;0.01900234
301;06044;44;53;0.0806163
301;06044;44;54;0.34629575
301;06044;45;49;0.00055067
301;06044;45;50;0.0005857
301;06044;45;51;0.00658114
301;06044;45;52;0.09527534
301;06044;45;53;0.3129521
301;06044;45;54;1.14e-06
301;06044;46;50;0.00026594
301;06044;46;51;0.00098202
301;06044;46;52;0.12631875
301;06044;46;53;0.0006166
301;06045;46;50;0.00027953
301;06045;46;51;0.02451899
301;06045;46;52;0.06708019
301;06045;47;49;0.00091584
301;06045;47;50;0.06457363
301;06045;47;51;0.26820704
301;06045;47;52;0.0621359
301;06045;48;49;0.00020545
301;06045;48;50;0.10584065
301;06045;48;51;0.22009733
301;06045;48;52;0.05767787
301;06045;49;47;6.73e-06
301;06045;49;48;0.0007119
301;06045;49;49;0.01309854
301;06045;49;50;0.03782633
301;06045;49;51;0.00548227
301;06045;50;47;0.00209256
301;06045;50;48;0.02974079
301;06045;50;49;0.02990419
301;06045;50;50;0.00041358
301;06045;50;51;1.116e-05
301;06045;50;52;1.587e-05
301;06045;51;47;8.8e-07
301;06045;51;48;0.00560238
301;06045;51;49;6.7e-07
301;06045;51;51;2.51e-06
301;06045;51;52;1.795e-05
301;06045;52;48;0.00295095
301;06045;53;48;0.00050863
301;06045;53;49;7.968e-05
301;06046;44;58;0.00207603
301;06046;45;58;0.12434651
301;06046;46;57;0.01752105
301;06046;46;58;0.31735138
301;06046;46;59;0.18880379
301;06046;46;60;0.00328991
301;06046;47;57;0.00029831
301;06046;47;58;0.00035161
301;06046;47;59;0.26036996
301;06046;47;60;0.03784822
301;06046;48;57;0.00429907
301;06046;48;58;0.00109625
301;06046;48;59;0.03622253
301;06046;48;60;0.00421407
301;06046;49;58;0.00191131
301;06047;41;59;5.055e-05
301;06047;41;60;0.01035478
301;06047;41;61;0.03211875
301;06047;41;62;0.00575181
301;06047;42;59;0.00656622
301;06047;42;60;0.13022948
301;06047;42;61;0.38847464
301;06047;42;62;0.06594977
301;06047;43;58;0.00258282
301;06047;43;59;0.17055296
301;06047;43;60;0.01268175
301;06047;43;61;0.05252605
301;06047;43;62;0.0026988
301;06047;44;58;0.02118249
301;06047;44;59;0.04908098
301;06047;44;60;0.04566175
301;06047;44;61;0.00224304
301;06047;45;59;0.00129336
301;06048;55;45;2.578e-05
301;06048;55;46;2.992e-05
301;06048;56;41;1e-08
301;06048;56;44;2.547e-05
301;06048;56;45;0.00147923
301;06048;56;46;0.01422648
301;06048;56;47;3.393e-05
301;06048;57;40;0.00021985
301;06048;57;41;9.415e-05
301;06048;57;44;0.00621526
301;06048;57;45;0.01233549
301;06048;57;46;0.00102758
301;06048;57;47;0.00118978
301;06048;57;48;0.00022773
301;06048;58;39;2.84e-06
301;06048;58;40;0.00034101
301;06048;58;43;0.00614632
301;06048;58;44;0.0072142
301;06048;58;45;0.00107756
301;06048;58;46;0.0041665
301;06048;58;47;0.0014467
301;06048;58;48;0.00012588
301;06048;59;40;0.00466459
301;06048;59;41;0.00180925
301;06048;59;42;0.00523314
301;06048;59;43;0.00812883
301;06048;59;44;0.00157919
301;06048;59;45;0.00310152
301;06048;59;46;0.00345975
301;06048;60;39;0.00069886
301;06048;60;40;0.01442955
301;06048;60;41;0.01555433
301;06048;60;42;0.00171049
301;06048;60;43;0.00142013
301;06048;60;44;0.0011089
301;06048;60;45;0.00231992
301;06048;60;46;0.0003731
301;06048;61;39;0.00123372
301;06048;61;40;0.00803459
301;06048;61;41;0.00178072
301;06048;61;42;0.00124118
301;06048;61;43;0.00241139
301;06048;61;44;0.00313399
301;06048;61;45;0.00816304
301;06048;61;46;0.00488522
301;06048;62;40;0.00011301
301;06048;62;41;0.00027691
301;06048;62;42;0.0002118
301;06048;62;43;0.00142871
301;06048;62;44;0.00223856
301;06048;62;45;0.01029847
301;06048;62;46;0.04700188
301;06048;62;47;5.44e-06
301;06048;63;42;0.00181216
301;06048;63;43;0.00936392
301;06048;63;44;0.01308777
301;06048;63;45;0.12545137
301;06048;63;46;0.35083116
301;06048;63;47;0.04931591
301;06048;63;48;3.914e-05
301;06048;64;43;0.00489825
301;06048;64;44;0.04503525
301;06048;64;45;0.0276309
301;06048;64;46;0.06173603
301;06048;64;47;0.00752764
301;06048;64;48;0.00242673
301;06048;65;43;0.00339962
301;06048;65;44;0.02709693
301;06048;65;45;0.01515682
301;06048;65;46;0.00545218
301;06048;65;47;0.00319843
301;06048;65;48;0.00546836
301;06048;65;49;0.00066198
301;06048;66;44;0.00673428
301;06048;66;45;0.00420277
301;06048;66;46;0.00047071
301;06048;66;47;0.00016816
301;06048;66;48;0.00387802
301;06048;66;49;0.00280925
301;06048;67;44;5.576e-05
301;06048;67;45;0.00105441
301;06048;67;46;0.00113234
301;06048;67;47;8.48e-05
301;06048;67;48;6.4e-07
301;06048;67;49;0.00021089
301;06048;67;50;0.00043933
301;06048;68;45;0.00021189
301;06048;68;46;0.00216822
301;06048;68;53;1.56e-06
301;06048;69;45;0.00033036
301;06048;69;46;0.00035648
301;06048;70;46;0.00028545
301;06048;70;52;7.45e-06
301;06048;71;46;0.00010483
301;06049;60;35;4.49e-06
301;06049;60;36;0.00076231
301;06049;60;37;0.00089824
301;06049;61;34;1.98e-06
301;06049;61;35;0.000142
301;06049;61;36;3.69e-05
301;06049;61;37;0.00039073
301;06049;62;35;0.00254575
301;06049;62;36;0.00108008
301;06049;62;37;0.00023831
301;06049;63;33;0.00010507
301;06049;63;34;0.00049686
301;06049;63;35;0.00420422
301;06049;63;36;0.00451558
301;06049;63;37;0.00340941
301;06049;64;32;0.00057238
301;06049;64;33;0.00182191
301;06049;64;34;0.00215709
301;06049;64;35;0.01943884
301;06049;64;36;0.01224669
301;06049;65;29;8.59e-06
301;06049;65;30;3.5e-07
301;06049;65;31;0.00253935
301;06049;65;32;0.001158
301;06049;65;33;0.0028682
301;06049;65;34;0.01866934
301;06049;65;35;0.01259982
301;06049;65;36;0.00023374
301;06049;65;37;0.00016827
301;06049;66;29;0.00081455
301;06049;66;30;0.00225585
301;06049;66;31;0.00957077
301;06049;66;32;0.0032458
301;06049;66;33;0.01731173
301;06049;66;34;0.00208273
301;06049;66;35;0.0638578
301;06049;66;36;0.00351643
301;06049;66;37;0.00095675
301;06049;67;29;4.502e-05
301;06049;67;30;0.00138972
301;06049;67;31;0.00035769
301;06049;67;32;0.01663751
301;06049;67;33;0.02364806
301;06049;67;34;0.01666073
301;06049;67;35;0.01980123
301;06049;67;36;0.0256605
301;06049;67;37;0.02401442
301;06049;68;28;0.00031364
301;06049;68;29;6.24e-06
301;06049;68;30;0.00130623
301;06049;68;31;0.01474897
301;06049;68;32;0.01482996
301;06049;68;33;0.07874278
301;06049;68;34;0.07580994
301;06049;68;35;0.00889966
301;06049;68;36;0.00328702
301;06049;68;37;0.00235372
301;06049;69;28;0.00066773
301;06049;69;29;0.00402124
301;06049;69;30;0.04255168
301;06049;69;31;0.03197793
301;06049;69;32;0.05984142
301;06049;69;33;0.19825187
301;06049;69;34;0.02235703
301;06049;69;35;0.00024871
301;06049;69;36;9.92e-06
301;06049;69;37;6.697e-05
301;06049;70;28;0.0211603
301;06049;70;29;0.02415481
301;06049;70;30;0.0006748
301;06049;70;31;0.00126715
301;06049;70;32;0.02162473
301;06049;70;33;0.02422659
301;06049;70;34;0.00443643
301;06049;70;35;2.852e-05
301;06049;70;36;0.00014483
301;06049;70;37;0.00011988
301;06049;71;32;0.00467794
301;06049;71;33;0.00363837
301;06049;71;34;0.00138717
301;06049;71;35;0.00032201
301;06049;71;36;0.0003367
301;06049;71;37;0.00028222
301;06049;72;32;0.00527402
301;06049;72;33;5.391e-05
301;06049;72;35;0.00068029
301;06049;72;37;7.49e-05
301;06050;60;39;0.0015704
301;06050;61;37;0.00619164
301;06050;61;38;0.01979769
301;06050;61;39;0.08846813
301;06050;61;40;0.00296235
301;06050;62;37;0.00080236
301;06050;62;38;0.05439312
301;06050;62;39;0.06685724
301;06050;62;40;0.01313624
301;06050;62;41;0.01570406
301;06050;62;42;0.00361359
301;06050;63;37;0.02598559
301;06050;63;38;0.01494442
301;06050;63;40;0.00460957
301;06050;63;41;0.08849764
301;06050;63;42;0.1840245
301;06050;63;43;0.00014846
301;06050;64;38;0.00121856
301;06050;64;39;0.00099834
301;06050;64;40;0.0073259
301;06050;64;41;0.02891925
301;06050;64;42;0.22610845
301;06050;64;43;0.00737152
301;06050;65;37;0.00059832
301;06050;65;38;0.00185037
301;06050;65;39;0.00340694
301;06050;65;40;0.0330177
301;06050;65;41;0.01046514
301;06050;65;42;0.07044681
301;06050;65;43;0.01656572
301;06051;58;46;0.00195468
301;06051;58;47;0.00401723
301;06051;58;48;0.0038748
301;06051;58;49;0.00615369
301;06051;59;46;0.00151179
301;06051;59;47;0.00626282
301;06051;59;48;0.00269065
301;06051;59;49;0.06365506
301;06051;60;46;0.00288288
301;06051;60;47;0.00515369
301;06051;60;48;0.09841427
301;06051;60;49;0.13423393
301;06051;61;46;0.00732478
301;06051;61;47;0.1632207
301;06051;61;48;0.12940091
301;06051;61;49;0.01255856
301;06051;62;46;0.00826673
301;06051;62;47;0.0360732
301;06051;62;48;0.03240714
301;06051;62;49;0.00439371
301;06051;62;50;0.00161626
301;06051;62;51;1.963e-05
301;06051;63;46;0.00117098
301;06051;63;47;0.0622
301;06051;63;48;0.04517209
301;06051;63;49;0.05927488
301;06051;63;50;0.0061745
301;06051;63;51;0.00760692
301;06051;63;52;0.00123251
301;06051;64;48;0.00056485
301;06051;64;49;0.00208497
301;06051;64;50;0.03152599
301;06051;64;51;0.0428252
301;06051;64;52;0.00277022
301;06051;65;48;1.244e-05
301;06051;65;49;0.00187123
301;06051;65;50;0.00681228
301;06051;65;51;0.00212504
301;06051;68;53;0.00013984
301;06051;68;54;0.00032759
301;06051;68;55;2.128e-05
301;06052;52;48;1.4e-07
301;06052;53;48;0.00610723
301;06052;53;49;0.01774793
301;06052;54;47;9.06e-06
301;06052;54;48;0.01516718
301;06052;54;49;0.04706256
301;06052;54;50;0.04184154
301;06052;54;51;0.00235776
301;06052;54;52;3.23e-06
301;06052;55;46;4.11e-06
301;06052;55;47;0.01765744
301;06052;55;48;0.08965147
301;06052;55;49;0.01154463
301;06052;55;50;0.00513603
301;06052;55;51;0.02006245
301;06052;55;52;0.02254365
301;06052;56;47;0.01278925
301;06052;56;48;0.02126163
301;06052;56;49;0.00130793
301;06052;56;51;0.07287761
301;06052;56;52;0.08811622
301;06052;56;53;2.6e-06
301;06052;57;47;0.00077346
301;06052;57;48;0.02061945
301;06052;57;49;0.00169825
301;06052;57;50;0.00573307
301;06052;57;51;0.14536238
301;06052;57;52;0.00633543
301;06052;57;53;0.00084623
301;06052;58;48;0.00125622
301;06052;58;49;0.00709865
301;06052;58;50;0.07071579
301;06052;58;51;0.17921563
301;06052;58;52;0.00351005
301;06052;58;53;0.00145996
301;06052;59;49;0.01604198
301;06052;59;50;0.02791504
301;06052;59;51;0.01264077
301;06052;59;52;0.00097481
301;06052;59;53;0.00044192
301;06052;59;54;3.65e-05
301;06052;60;49;5.441e-05
301;06052;60;50;0.00152175
301;06052;60;51;0.00249656
301;06053;50;53;8.008e-05
301;06053;50;54;0.00318128
301;06053;50;55;0.01871329
301;06053;50;56;0.00068939
301;06053;50;57;1.8e-06
301;06053;50;58;0.00133609
301;06053;51;54;0.03777368
301;06053;51;55;0.07153433
301;06053;51;56;0.00436442
301;06053;51;57;0.00332791
301;06053;51;58;0.00725222
301;06053;51;59;0.01898709
301;06053;52;53;0.00177975
301;06053;52;54;0.0147288
301;06053;52;55;0.10560353
301;06053;52;56;0.12436306
301;06053;52;57;0.22539641
301;06053;52;58;0.06789658
301;06053;52;59;0.02232253
301;06053;53;54;0.00224048
301;06053;53;55;0.13367994
301;06053;53;56;0.04643128
301;06053;53;57;0.03141448
301;06053;53;58;0.0189946
301;06053;53;59;0.00145455
301;06053;54;54;0.00015439
301;06053;54;55;0.01596126
301;06053;54;56;0.00580579
301;06053;54;57;0.00378309
301;06053;54;58;0.00076201
301;06053;54;59;0.0053499
301;06053;55;55;0.00403918
301;06053;55;56;0.00057715
301;06053;55;58;1.97e-05
301;06054;51;52;1.2e-06
301;06054;52;53;0.02257353
301;06054;52;54;0.00026772
301;06054;53;51;0.02408769
301;06054;53;52;0.0409362
301;06054;53;53;0.01247118
301;06054;53;54;0.01502967
301;06054;53;55;0.00048117
301;06054;54;50;0.0087505
301;06054;54;51;0.01116181
301;06054;54;52;0.0109398
301;06054;54;53;0.07480316
301;06054;54;54;0.33189017
301;06054;54;55;0.00146427
301;06054;55;52;0.08166591
301;06054;55;53;0.18818741
301;06054;55;54;0.07578013
301;06054;55;55;0.03092923
301;06054;55;56;0.00305222
301;06054;55;57;0.00021865
301;06054;55;58;1.8e-07
301;06054;56;52;0.00801223
301;06054;56;53;0.01357281
301;06054;56;54;0.01989366
301;06054;56;55;0.01436011
301;06054;56;56;0.00107178
301;06054;57;53;0.00124453
301;06054;57;54;0.00171308
301;06054;57;55;0.00330116
301;06054;58;53;0.00045442
301;06054;58;54;0.00162653
301;06054;58;55;2e-07
301;06054;59;54;5.774e-05
301;06055;65;38;0.00045672
301;06055;65;39;0.00265224
301;06055;65;40;0.00335345
301;06055;65;41;0.00253215
301;06055;65;42;0.00883869
301;06055;65;43;0.03588614
301;06055;65;44;0.00618237
301;06055;66;37;0.00083031
301;06055;66;38;0.00362446
301;06055;66;39;0.00109215
301;06055;66;40;0.05257421
301;06055;66;41;0.10663341
301;06055;66;42;0.16619675
301;06055;66;43;0.00814656
301;06055;66;44;0.02458086
301;06055;67;37;0.01663974
301;06055;67;38;0.03188688
301;06055;67;39;0.04751777
301;06055;67;40;0.00474068
301;06055;67;41;0.03439759
301;06055;67;42;0.16416116
301;06055;67;43;0.01237608
301;06055;67;44;0.01147127
301;06055;67;45;0.00080014
301;06055;68;37;0.00616891
301;06055;68;38;0.00826565
301;06055;68;39;0.01476387
301;06055;68;40;0.0346274
301;06055;68;41;0.02774268
301;06055;68;42;0.02288172
301;06055;68;43;0.01746995
301;06055;68;44;0.00069301
301;06055;68;45;1e-08
301;06055;69;37;3.896e-05
301;06055;69;38;0.00180499
301;06055;69;39;0.04858093
301;06055;69;40;0.02166872
301;06055;69;41;0.0002303
301;06055;69;42;0.00304351
301;06055;69;43;0.00270619
301;06055;69;44;3.966e-05
301;06055;69;45;0.00081822
301;06055;69;46;4.53e-05
301;06055;70;37;0.00023699
301;06055;70;38;0.00064569
301;06055;70;39;8.035e-05
301;06055;70;40;0.0068867
301;06055;70;41;0.0007507
301;06055;70;43;0.00117629
301;06055;70;44;0.0008794
301;06055;70;45;0.00057483
301;06055;71;37;0.00043339
301;06055;71;38;0.00543374
301;06055;71;40;0.00046674
301;06055;71;41;0.00010316
301;06055;71;44;0.0001994
301;06055;72;37;3.981e-05
301;06055;72;38;0.00072922
301;06055;72;39;0.00128984
301;06055;72;40;0.0002099
301;06055;73;37;0.00047465
301;06055;73;38;0.00131078
301;06055;73;39;0.00651012
301;06055;74;39;0.00491185
301;06055;74;40;0.00279998
301;06055;75;39;0.00334087
301;06055;75;40;0.00091558
301;06055;75;43;3.9e-07
301;06055;76;38;0.00028719
301;06055;76;39;0.00015064
301;06056;51;37;8.082e-05
301;06056;52;36;0.00191785
301;06056;52;37;0.00084987
301;06056;53;35;0.00658598
301;06056;53;36;0.00086197
301;06056;54;34;0.00513914
301;06056;54;35;0.00760285
301;06056;54;36;8.86e-06
301;06056;54;37;3.132e-05
301;06056;55;32;0.00099853
301;06056;55;33;0.03991811
301;06056;55;34;0.01131179
301;06056;55;35;0.00688418
301;06056;55;36;0.00280198
301;06056;55;37;0.00192903
301;06056;56;31;0.00874065
301;06056;56;32;0.01905035
301;06056;56;33;0.02618529
301;06056;56;34;0.04186649
301;06056;56;35;0.13177639
301;06056;56;36;0.04666583
301;06056;56;37;0.01361044
301;06056;57;29;0.00059502
301;06056;57;30;0.01351457
301;06056;57;31;0.13900858
301;06056;57;32;0.07782316
301;06056;57;33;0.04847757
301;06056;57;34;0.07735762
301;06056;57;35;0.02784016
301;06056;57;36;0.03723912
301;06056;57;37;0.00044526
301;06056;58;29;0.00147051
301;06056;58;30;0.11290433
301;06056;58;31;0.01060502
301;06056;58;32;0.00121128
301;06056;58;33;0.00084887
301;06056;58;34;0.00322201
301;06056;58;35;0.00375309
301;06056;58;36;0.01585254
301;06056;59;29;0.00183804
301;06056;59;30;0.00444845
301;06056;59;31;0.00102394
301;06056;59;32;0.0004652
301;06056;59;33;0.00106016
301;06056;59;34;0.00114162
301;06056;59;35;0.00051531
301;06056;59;36;0.02186588
301;06056;59;37;5.722e-05
301;06056;60;30;0.00230168
301;06056;60;33;0.00109709
301;06056;60;34;0.0001437
301;06056;60;35;2.405e-05
301;06056;60;36;0.0044937
301;06056;60;37;0.00423274
301;06056;61;30;4.001e-05
301;06056;61;31;0.00122857
301;06056;61;33;0.00090988
301;06056;61;34;5.97e-05
301;06056;61;35;3.022e-05
301;06056;62;30;0.00137836
301;06056;62;32;0.00049851
301;06056;62;33;0.00027592
301;06056;63;29;2.78e-06
301;06056;63;30;0.00098218
301;06056;63;31;7.407e-05
301;06056;63;32;1.113e-05
301;06056;63;33;0.00031916
301;06056;64;29;0.00024789
301;06056;64;30;4.051e-05
301;06056;64;31;3.25e-05
301;06056;65;29;0.00200321
301;06056;65;30;7.297e-05
301;06056;65;31;9.726e-05
301;06057;57;27;0.00034235
301;06057;57;28;0.00025732
301;06057;57;29;0.00637221
301;06057;57;30;1.15e-06
301;06057;58;25;0.00014256
301;06057;58;26;0.02168168
301;06057;58;27;0.04499431
301;06057;58;28;0.02973074
301;06057;58;29;0.20323309
301;06057;58;30;0.0064678
301;06057;59;25;0.0024243
301;06057;59;26;0.00831391
301;06057;59;27;0.01795062
301;06057;59;28;0.04407099
301;06057;59;29;0.02178108
301;06057;59;30;6.997e-05
301;06057;60;25;0.03823662
301;06057;60;26;0.0499987
301;06057;60;27;0.04656379
301;06057;60;28;0.00093197
301;06057;60;29;0.00085873
301;06057;60;30;0.0017439
301;06057;61;25;0.03564161
301;06057;61;26;0.0314088
301;06057;61;27;0.01210056
301;06057;61;28;0.00014785
301;06057;61;30;0.00029644
301;06057;61;31;0.00052914
301;06057;62;24;6.639e-05
301;06057;62;25;0.05377734
301;06057;62;26;0.00819404
301;06057;62;27;5.105e-05
301;06057;62;30;0.00064039
301;06057;63;24;0.00854726
301;06057;63;25;0.1238361
301;06057;63;26;0.00265683
301;06057;63;29;0.00021451
301;06057;63;30;0.00085403
301;06057;64;24;0.07588018
301;06057;64;25;0.07059014
301;06057;64;29;0.00138215
301;06057;65;24;0.02297228
301;06057;65;25;0.00182107
301;06057;65;28;8.241e-05
301;06057;65;29;0.00058087
301;06057;66;24;0.00143101
301;06057;66;28;0.00012974
301;06058;65;24;0.00016859
301;06058;66;23;0.0030974
301;06058;66;24;0.00223728
301;06058;66;26;4.424e-05
301;06058;66;27;0.00019492
301;06058;66;28;4.358e-05
301;06058;66;29;8.87e-06
301;06058;67;22;0.00947279
301;06058;67;23;0.04912145
301;06058;67;24;0.00689818
301;06058;67;25;0.01212407
301;06058;67;26;0.00018694
301;06058;67;27;0.00024243
301;06058;67;29;1.063e-05
301;06058;68;22;0.07405641
301;06058;68;23;0.12752776
301;06058;68;24;0.00584625
301;06058;68;25;0.00201751
301;06058;68;27;0.00026646
301;06058;68;28;1.216e-05
301;06058;69;21;0.00269489
301;06058;69;22;0.01002041
301;06058;69;23;0.08051647
301;06058;69;24;0.01812085
301;06058;69;28;0.00037976
301;06058;70;21;0.00053114
301;06058;70;22;0.1896629
301;06058;70;23;0.12297598
301;06058;70;24;0.01354835
301;06058;70;25;5.28e-06
301;06058;70;28;0.0012655
301;06058;71;22;0.05012286
301;06058;71;23;0.16191089
301;06058;71;24;0.00019187
301;06058;71;25;0.00014961
301;06058;71;27;6.41e-06
301;06058;72;22;0.00268754
301;06058;72;23;0.05162087
301;06058;72;24;1.053e-05
301;06059;70;21;0.00260318
301;06059;70;22;0.0022427
301;06059;70;28;0.00164813
301;06059;71;21;0.00224691
301;06059;71;22;0.01138205
301;06059;71;25;2.6e-07
301;06059;71;26;0.001809
301;06059;71;27;0.00141491
301;06059;71;28;0.00090969
301;06059;72;21;0.00209286
301;06059;72;22;0.01736874
301;06059;72;23;0.01997222
301;06059;72;24;0.00439267
301;06059;72;25;0.00455548
301;06059;72;26;0.00129557
301;06059;72;27;5.7e-07
301;06059;73;20;0.00099623
301;06059;73;21;0.03187707
301;06059;73;22;0.02661927
301;06059;73;23;0.03884991
301;06059;73;24;0.01492407
301;06059;73;25;0.01240024
301;06059;73;26;0.00070568
301;06059;73;27;7.5e-06
301;06059;74;18;0.00134199
301;06059;74;19;0.02123736
301;06059;74;20;0.05570254
301;06059;74;21;0.0632619
301;06059;74;22;0.05203249
301;06059;74;23;0.02380097
301;06059;74;24;0.00040738
301;06059;74;25;0.00428929
301;06059;74;26;0.0001821
301;06059;74;27;2.551e-05
301;06059;75;18;0.0024759
301;06059;75;19;0.03804637
301;06059;75;20;0.06720448
301;06059;75;21;0.08420303
301;06059;75;22;0.05275327
301;06059;75;23;0.0119267
301;06059;75;24;2.622e-05
301;06059;75;25;0.00369277
301;06059;75;26;3.738e-05
301;06059;76;18;4.831e-05
301;06059;76;19;0.02865181
301;06059;76;20;0.05162571
301;06059;76;21;0.04821941
301;06059;76;22;0.04655892
301;06059;76;23;0.00075508
301;06059;76;24;8.442e-05
301;06059;77;20;0.00991197
301;06059;77;21;0.0259504
301;06059;77;22;0.03278371
301;06059;77;23;3.1e-06
301;06059;77;24;1.557e-05
301;06059;78;20;0.00087044
301;06059;78;21;0.02330885
301;06059;78;22;0.03074674
301;06059;78;23;8.822e-05
301;06059;78;24;1.54e-05
301;06059;79;21;0.00542886
301;06059;79;22;0.01194827
301;06059;79;23;2.226e-05
301;06060;76;18;0.00362646
301;06060;76;19;0.02942208
301;06060;76;20;0.00095838
301;06060;77;17;0.0037904
301;06060;77;18;0.12687929
301;06060;77;19;0.13742676
301;06060;77;20;0.06803258
301;06060;78;17;0.01500392
301;06060;78;18;0.14859349
301;06060;78;19;0.15059414
301;06060;78;20;0.06876347
301;06060;79;16;0.02022496
301;06060;79;17;0.07541585
301;06060;79;18;0.07562231
301;06060;79;19;0.0153869
301;06060;79;20;0.01786475
301;06060;80;15;0.00150096
301;06060;80;16;0.01741429
301;06060;80;17;0.00817402
301;06060;80;18;0.01484219
301;06060;80;19;2.576e-05
301;06060;81;17;0.00033942
301;06060;81;18;9.76e-05
301;06061;79;19;5.9e-07
301;06061;79;20;0.0100434
301;06061;80;19;0.0090412
301;06061;80;20;0.15083052
301;06061;80;21;0.04581002
301;06061;81;17;0.00054492
301;06061;81;18;0.00384352
301;06061;81;19;0.00523778
301;06061;81;20;0.09400013
301;06061;81;21;0.11328386
301;06061;82;16;6.72e-06
301;06061;82;17;0.00193383
301;06061;82;18;0.03157509
301;06061;82;19;0.02223973
301;06061;82;20;0.04867612
301;06061;82;21;0.13932311
301;06061;83;16;0.01047907
301;06061;83;17;0.02578392
301;06061;83;18;0.01665511
301;06061;83;19;0.05390842
301;06061;83;20;0.03452303
301;06061;83;21;0.02824366
301;06061;84;16;0.02006717
301;06061;84;17;0.00893989
301;06061;84;18;0.00763658
301;06061;84;19;0.02432976
301;06061;84;20;0.01225381
301;06061;84;21;0.02599361
301;06061;85;16;0.00292011
301;06061;85;17;0.00047289
301;06061;85;18;0.00074397
301;06061;85;19;0.02887166
301;06061;85;20;0.003705
301;06061;85;21;0.00858747
301;06061;86;16;0.00043657
301;06061;86;17;0.00106407
301;06061;86;18;0.00020069
301;06061;86;19;0.00094107
301;06061;86;20;0.00098406
301;06061;86;21;0.00263116
301;06061;87;17;0.00130609
301;06061;87;18;0.00047165
301;06061;87;19;0.00032791
301;06061;88;17;0.00113107
301;06062;78;20;6.171e-05
301;06062;78;21;0.00257105
301;06062;79;20;0.0131735
301;06062;79;21;0.11222173
301;06062;79;22;0.0941855
301;06062;79;23;0.00011602
301;06062;80;20;0.00023527
301;06062;80;21;0.08423149
301;06062;80;22;0.15475597
301;06062;80;23;0.00022239
301;06062;80;24;0.00031718
301;06062;81;21;0.01087508
301;06062;81;22;0.13587683
301;06062;81;23;0.03563074
301;06062;81;24;3.81e-05
301;06062;82;21;0.02146932
301;06062;82;22;0.17284903
301;06062;82;23;0.02160731
301;06062;82;24;0.00020101
301;06062;83;21;0.01647865
301;06062;83;22;0.07202664
301;06062;83;23;0.00733193
301;06062;83;24;0.00036576
301;06062;84;21;0.02055674
301;06062;84;22;0.00816032
301;06062;84;23;0.00202411
301;06062;85;21;5.662e-05
301;06062;85;22;0.0001681
301;06062;85;23;0.00486832
301;06062;85;24;0.00488355
301;06062;86;23;0.0016446
301;06062;86;24;0.00079544
301;06063;92;9;0.00693339
301;06063;92;10;0.0106652
301;06063;92;11;7.92e-06
301;06063;92;14;0.0720717
301;06063;92;15;0.01238038
301;06063;92;16;0.01613759
301;06063;93;9;0.00018589
301;06063;93;10;0.01898645
301;06063;93;11;7.75e-05
301;06063;93;14;0.08737789
301;06063;93;15;0.00681675
301;06063;93;16;0.00015667
301;06063;94;9;0.00034681
301;06063;94;10;0.02202603
301;06063;94;11;0.00084447
301;06063;94;13;0.01099307
301;06063;94;14;0.0002629
301;06063;94;16;0.00160084
301;06063;95;9;1.9e-07
301;06063;95;10;0.01717787
301;06063;95;11;0.01446659
301;06063;95;12;0.00326093
301;06063;95;13;0.02008934
301;06063;95;14;0.00153718
301;06063;95;15;0.00198793
301;06063;95;16;0.00326245
301;06063;96;10;0.10815306
301;06063;96;11;0.18679643
301;06063;96;12;0.05971338
301;06063;96;13;0.09712488
301;06063;96;14;0.01029228
301;06063;96;15;0.00334931
301;06063;97;10;0.02951343
301;06063;97;11;0.04533311
301;06063;97;12;0.00873786
301;06063;97;13;0.00343808
301;06063;97;14;0.00063311
301;06063;98;10;0.00257688
301;06063;98;11;0.01653063
301;06063;98;12;0.00122976
301;06063;98;13;0.00047252
301;06063;99;10;0.01150006
301;06063;99;11;0.00026163
301;06063;99;13;0.00093095
301;06063;100;10;0.01672964
301;06063;100;13;0.00115504
301;06063;100;14;0.0002148
301;06063;101;10;0.00779406
301;06063;101;11;0.01365044
301;06063;101;12;0.00049712
301;06063;101;13;0.00039026
301;06063;101;14;0.00147635
301;06063;101;15;0.00124418
301;06063;101;16;9.036e-05
301;06063;102;10;1.234e-05
301;06063;102;11;0.02063093
301;06063;102;15;2.669e-05
301;06063;102;16;0.00181751
301;06063;102;17;0.00054304
301;06063;103;11;0.01156459
301;06063;103;12;0.0013915
301;06063;104;11;0.00357733
301;06063;104;12;0.00087761
301;06063;104;13;7.503e-05
301;06064;86;19;9e-08
301;06064;86;20;1.76e-06
301;06064;86;21;1.055e-05
301;06064;87;17;2.507e-05
301;06064;87;19;0.00214271
301;06064;87;20;0.00608796
301;06064;87;21;0.02597151
301;06064;87;22;0.00265325
301;06064;88;17;0.00197327
301;06064;88;18;0.0005461
301;06064;88;19;0.01544656
301;06064;88;20;0.24635457
301;06064;88;21;0.06417581
301;06064;88;22;0.00016944
301;06064;89;18;0.00945572
301;06064;89;19;0.14528007
301;06064;89;20;0.04102978
301;06064;89;21;0.0036449
301;06064;90;18;0.05664703
301;06064;90;19;0.23284016
301;06064;90;20;0.00725265
301;06064;91;16;7.208e-05
301;06064;91;17;0.01885002
301;06064;91;18;0.05663052
301;06064;91;19;0.03686888
301;06064;91;20;0.00343336
301;06064;92;16;0.00380916
301;06064;92;17;0.00517186
301;06064;92;18;0.00221265
301;06064;92;19;0.00012007
301;06064;93;16;6.479e-05
301;06064;93;17;0.00165791
301;06064;93;18;0.00014585
301;06064;93;19;0.00036192
301;06064;94;16;5.593e-05
301;06064;94;18;5.74e-06
301;06064;94;19;0.00859221
301;06064;95;16;7.6e-06
301;06064;95;19;0.00023052
301;06065;71;32;0.00031688
301;06065;72;31;0.00553483
301;06065;72;32;0.04064534
301;06065;72;33;0.00069041
301;06065;72;34;0.00075219
301;06065;72;35;0.00448328
301;06065;72;36;0.00040312
301;06065;72;37;0.00137049
301;06065;73;28;5.48e-05
301;06065;73;31;0.12222318
301;06065;73;32;0.0235664
301;06065;73;34;0.00024558
301;06065;73;35;0.00924598
301;06065;73;36;0.03557038
301;06065;73;37;0.01125795
301;06065;74;28;0.00115724
301;06065;74;29;0.00519633
301;06065;74;30;0.00618045
301;06065;74;31;0.04999537
301;06065;74;36;0.01118471
301;06065;75;28;0.01875851
301;06065;75;29;0.06863675
301;06065;75;30;0.05070951
301;06065;75;31;0.05318521
301;06065;75;35;0.00017437
301;06065;75;36;0.00178342
301;06065;75;37;0.00174864
301;06065;76;28;5.581e-05
301;06065;76;29;0.00155771
301;06065;76;30;0.03453675
301;06065;76;31;0.01760942
301;06065;76;32;0.00955803
301;06065;76;33;0.00979071
301;06065;76;34;0.00310199
301;06065;76;36;0.00308504
301;06065;76;37;0.00104674
301;06065;77;28;0.00019469
301;06065;77;29;0.00048105
301;06065;77;30;0.0508865
301;06065;77;31;0.02098552
301;06065;77;32;0.00096727
301;06065;77;33;0.00621308
301;06065;77;34;0.00375259
301;06065;77;35;0.00802739
301;06065;77;36;0.01696766
301;06065;77;37;0.01250125
301;06065;78;28;6.6e-07
301;06065;78;30;0.03688388
301;06065;78;31;0.00565395
301;06065;78;32;0.00270194
301;06065;78;33;7.135e-05
301;06065;78;34;0.00153359
301;06065;78;35;0.00855604
301;06065;78;36;0.0282113
301;06065;79;28;7.97e-06
301;06065;79;30;0.02929795
301;06065;79;32;0.00015645
301;06065;79;33;0.00252053
301;06065;79;34;0.01032671
301;06065;79;35;0.02025071
301;06065;79;36;0.12743648
301;06066;99;23;0.00296828
301;06066;100;18;0.00197327
301;06066;100;19;0.01379993
301;06066;101;23;0.00519614
301;06066;102;17;0.02675209
301;06066;102;18;0.16677347
301;06066;102;19;0.12640958
301;06066;102;23;0.00100624
301;06066;103;18;0.08221708
301;06066;103;19;0.47335305
301;06066;103;20;0.04126982
301;06066;103;21;0.02241929
301;06066;103;22;0.02207581
301;06066;103;23;0.01378591
301;06067;90;22;0.02366289
301;06067;91;21;0.0656693
301;06067;91;22;0.09998002
301;06067;92;21;0.00566264
301;06067;92;22;0.04651627
301;06067;93;19;0.0006146
301;06067;93;20;0.00194707
301;06067;93;21;0.00510744
301;06067;94;20;0.00681437
301;06067;94;21;0.00621523
301;06067;94;22;0.00421592
301;06067;95;19;0.05204288
301;06067;96;19;0.04107924
301;06067;97;19;0.16623624
301;06067;97;20;0.07015354
301;06067;97;22;0.01644645
301;06067;97;23;0.00118812
301;06067;98;19;0.18959671
301;06067;98;20;0.01333117
301;06067;98;21;0.05922542
301;06067;98;22;0.09304509
301;06067;98;23;0.02159194
301;06067;99;23;0.00871261
301;06067;100;18;0.00094482
301;06068;71;28;0.00114895
301;06068;72;27;0.00017554
301;06068;72;28;0.00285168
301;06068;73;27;0.0010134
301;06068;73;28;0.00800713
301;06068;74;26;0.001506
301;06068;74;27;0.00639462
301;06068;74;28;0.00406245
301;06068;75;25;0.03273091
301;06068;75;26;0.07318789
301;06068;75;27;0.22374987
301;06068;75;28;0.04203065
301;06068;76;24;0.00056728
301;06068;76;25;0.03953553
301;06068;76;26;0.2112422
301;06068;76;27;0.1847792
301;06068;76;28;0.00442827
301;06068;77;25;0.00238084
301;06068;77;26;0.03734726
301;06068;77;27;0.04699794
301;06068;77;28;0.00422802
301;06068;78;24;0.0001145
301;06068;78;25;0.00777016
301;06068;78;26;0.01666968
301;06068;78;27;0.02850911
301;06068;78;28;0.00019874
301;06068;79;24;0.0011507
301;06068;79;25;0.00829181
301;06068;79;26;0.00636392
301;06068;79;27;0.00231894
301;06068;79;28;0.00024677
301;06069;79;24;0.0008537
301;06069;79;25;0.00358778
301;06069;79;26;0.00267593
301;06069;79;27;2.91e-06
301;06069;79;28;8.019e-05
301;06069;79;30;0.00148909
301;06069;79;31;9.772e-05
301;06069;79;32;0.00178388
301;06069;79;33;0.0017765
301;06069;79;34;0.00076206
301;06069;79;35;0.00061476
301;06069;79;36;0.00121527
301;06069;80;24;0.01106105
301;06069;80;25;0.02006665
301;06069;80;26;0.01068157
301;06069;80;27;9.44e-06
301;06069;80;28;0.00189227
301;06069;80;29;0.00282367
301;06069;80;30;0.0067284
301;06069;80;31;0.00126923
301;06069;80;35;0.00015135
301;06069;80;36;0.0012912
301;06069;81;24;0.05430061
301;06069;81;25;0.0847335
301;06069;81;26;0.05468849
301;06069;81;27;0.00845165
301;06069;81;28;0.00227175
301;06069;81;29;0.00167869
301;06069;81;30;0.00344284
301;06069;81;36;0.00010011
301;06069;81;37;0.00014731
301;06069;82;24;0.00443509
301;06069;82;25;0.09741477
301;06069;82;26;0.09053721
301;06069;82;27;0.05024135
301;06069;82;28;0.00258483
301;06069;82;29;0.00250365
301;06069;82;30;8.371e-05
301;06069;82;32;7.78e-06
301;06069;83;24;0.00022611
301;06069;83;25;0.01991685
301;06069;83;26;0.02610254
301;06069;83;27;0.00148715
301;06069;83;28;0.00503042
301;06069;83;29;0.01893064
301;06069;83;30;0.00265484
301;06069;83;32;7.58e-06
301;06069;84;25;0.00644181
301;06069;84;26;0.00032577
301;06069;84;27;0.00193548
301;06069;84;28;0.00072176
301;06069;84;29;0.0414322
301;06069;84;30;0.00357827
301;06069;85;24;0.00057743
301;06069;85;25;0.00642351
301;06069;85;26;0.00066623
301;06069;85;29;0.04065611
301;06069;85;30;0.00199206
301;06069;85;31;0.00291115
301;06069;85;32;0.00048454
301;06069;86;23;0.00050351
301;06069;86;24;0.00083662
301;06069;86;25;0.0025488
301;06069;86;29;0.00892809
301;06069;86;30;0.00108866
301;06069;86;32;0.00218867
301;06069;86;33;0.00036787
301;06069;87;22;0.00357698
301;06069;87;23;0.0002076
301;06069;87;24;4.545e-05
301;06069;87;25;0.00360932
301;06069;87;29;0.00815975
301;06069;87;30;0.0013101
301;06069;87;31;8.7e-06
301;06069;88;22;0.01252754
301;06069;88;23;0.00455827
301;06069;88;24;0.00404965
301;06069;88;25;0.00077477
301;06069;88;28;0.00112097
301;06069;88;29;0.00933791
301;06069;88;31;0.00326441
301;06069;88;38;3.254e-05
301;06069;89;22;0.00729843
301;06069;89;23;0.01921224
301;06069;89;24;0.00118457
301;06069;89;28;0.00814543
301;06069;89;31;8.55e-06
301;06069;89;32;0.00181547
301;06069;89;36;0.0003648
301;06069;89;37;0.00025007
301;06069;89;38;2.546e-05
301;06069;90;22;0.00095742
301;06069;90;23;0.00988905
301;06069;90;24;7.13e-06
301;06069;90;28;0.00822275
301;06069;90;31;2.237e-05
301;06069;90;32;0.00183543
301;06069;90;34;0.00031074
301;06069;90;35;0.00035362
301;06069;90;36;0.00011175
301;06069;91;22;6.602e-05
301;06069;91;23;0.02867628
301;06069;91;24;0.00026933
301;06069;91;27;5.84e-06
301;06069;91;28;0.00599178
301;06069;91;33;0.00319281
301;06069;91;34;0.0001016
301;06069;92;22;0.00056876
301;06069;92;23;0.00689629
301;06069;92;27;3.43e-05
301;06069;92;28;0.00350101
301;06069;92;32;1.277e-05
301;06069;92;33;3.017e-05
301;06069;92;34;0.00396088
301;06069;93;23;0.00194563
301;06069;93;26;2.09e-05
301;06069;93;27;0.00015433
301;06069;93;28;0.00339491
301;06069;93;32;3.561e-05
301;06069;93;34;0.00128386
301;06069;93;35;7.93e-05
301;06069;94;22;5.67e-06
301;06069;94;23;0.00177811
301;06069;94;24;0.00157992
301;06069;94;25;0.00037716
301;06069;94;26;0.00038553
301;06069;94;27;0.00036649
301;06069;94;28;0.00491312
301;06069;94;29;0.0002094
301;06069;94;30;0.00017842
301;06069;94;31;0.00017341
301;06069;94;32;2.922e-05
301;06069;94;34;0.00027117
301;06069;94;35;0.00245754
301;06069;95;22;0.0001915
301;06069;95;23;0.00053013
301;06069;95;26;7.015e-05
301;06069;95;27;0.00032102
301;06069;95;28;0.00169859
301;06069;95;29;0.00212412
301;06069;95;30;1.08e-05
301;06069;95;32;0.00011139
301;06069;95;33;0.00032872
301;06069;95;34;0.00036031
301;06069;95;35;0.00027017
301;06069;95;36;0.0051781
301;06069;96;23;0.00041176
301;06069;96;26;0.00039867
301;06069;96;27;0.00010406
301;06069;96;28;0.00013817
301;06069;96;29;0.00482038
301;06069;96;30;1.547e-05
301;06069;96;32;1.424e-05
301;06069;96;33;3.4e-07
301;06069;96;34;0.00016138
301;06069;96;35;0.000593
301;06069;97;22;1.665e-05
301;06069;97;23;0.0001748
301;06069;97;25;0.00036887
301;06069;97;26;1.956e-05
301;06069;97;28;0.00017076
301;06069;97;29;0.00577088
301;06069;97;32;4.448e-05
301;06069;97;33;2.186e-05
301;06069;97;34;1.513e-05
301;06069;97;35;0.00011954
301;06069;98;23;0.0001525
301;06069;98;24;0.00030631
301;06069;98;25;7.545e-05
301;06069;98;29;0.00615694
301;06069;98;30;0.00136195
301;06069;98;31;4.672e-05
301;06069;98;32;4.2e-06
301;06069;99;23;0.00039367
301;06069;99;24;0.00083529
301;06069;99;30;0.00612861
301;06069;100;23;0.00096353
301;06069;100;30;0.00362302
301;06069;100;31;0.0014498
301;06069;100;32;0.00092756
301;06069;100;33;0.00016325
301;06069;101;23;0.00038768
301;06069;101;30;0.00871437
301;06069;101;31;0.00118987
301;06069;101;32;0.00011895
301;06069;102;23;0.00026336
301;06069;102;24;0.00138219
301;06069;102;25;0.00075888
301;06069;102;26;0.00105039
301;06069;102;27;0.00297538
301;06069;102;28;0.00197653
301;06069;102;29;0.00894529
301;06069;102;30;0.00565714
301;06069;103;23;0.00030211
301;06069;103;24;0.00186726
301;06069;103;27;0.00011915
301;06069;103;29;0.00218993
301;06069;104;24;0.001314
301;06069;104;27;2.536e-05
301;06069;105;24;0.00054897
301;06098;45;48;1.0
