#GRID CA_State4k -684000. -564000. 4000. 4000. 321 291 1 LAMBERT METERS 30. 60. -120.5 -120.5 37.
133;0LC006017LAK;118;201;0.00960079
133;0LC006017LAK;119;196;0.00049156
133;0LC006017LAK;119;201;0.07072263
133;0LC006017LAK;120;196;0.00327308
133;0LC006017LAK;120;197;0.00472171
133;0LC006017LAK;120;198;0.01594901
133;0LC006017LAK;120;199;0.00236165
133;0LC006017LAK;120;201;0.05674813
133;0LC006017LAK;121;196;0.01271551
133;0LC006017LAK;121;197;0.01379151
133;0LC006017LAK;121;199;0.01649422
133;0LC006017LAK;121;200;0.03056021
133;0LC006017LAK;121;201;0.03200178
133;0LC006017LAK;122;195;0.00938838
133;0LC006017LAK;122;196;0.01740710
133;0LC006017LAK;122;199;0.00179245
133;0LC006017LAK;122;200;0.03022902
133;0LC006017LAK;123;194;0.00128281
133;0LC006017LAK;123;195;0.01896035
133;0LC006017LAK;123;198;0.01478903
133;0LC006017LAK;123;199;0.03474970
133;0LC006017LAK;124;193;0.00314974
133;0LC006017LAK;124;194;0.01519068
133;0LC006017LAK;124;195;0.01688098
133;0LC006017LAK;124;197;0.03581122
133;0LC006017LAK;124;198;0.01504048
133;0LC006017LAK;125;190;0.00195017
133;0LC006017LAK;125;191;0.00504008
133;0LC006017LAK;125;192;0.00462368
133;0LC006017LAK;125;193;0.00227403
133;0LC006017LAK;125;194;0.01779939
133;0LC006017LAK;125;195;0.00383972
133;0LC006017LAK;125;197;0.02891817
133;0LC006017LAK;126;190;0.00460601
133;0LC006017LAK;126;194;0.01771087
133;0LC006017LAK;126;197;0.03260790
133;0LC006017LAK;127;187;0.00232754
133;0LC006017LAK;127;188;0.03724505
133;0LC006017LAK;127;189;0.03572462
133;0LC006017LAK;127;190;0.01550963
133;0LC006017LAK;127;192;0.02371383
133;0LC006017LAK;127;193;0.01969692
133;0LC006017LAK;127;194;0.05808562
133;0LC006017LAK;127;195;0.06120044
133;0LC006017LAK;127;196;0.06935027
133;0LC006017LAK;127;197;0.00721792
133;0LC006017LAK;128;190;0.00967402
133;0LC006017LAK;128;191;0.01746321
133;0LC006017LAK;128;192;0.00052931
133;0LC006017LAK;128;196;0.00610344
133;0LC006017LAK;128;197;0.00439337
133;0LC006017LAK;129;196;0.00833832
133;0LC006017LAK;130;196;0.00296684
133;0LC006017LAK;130;197;0.00787052
133;0LC006017LAK;131;196;0.00805226
133;0LC006017LAK;131;197;0.00106308
133;0LT0060090ED;182;192;0.15384615
133;0LT0060090ED;182;193;0.53846154
133;0LT0060090ED;182;194;0.07692308
133;0LT0060090ED;183;194;0.23076923
133;0LT006031PLA;177;200;0.03571429
133;0LT006031PLA;178;200;0.10714286
133;0LT006031PLA;179;198;0.03571429
133;0LT006031PLA;179;199;0.03571429
133;0LT006031PLA;179;201;0.07142857
133;0LT006031PLA;180;201;0.25000000
133;0LT006031PLA;180;202;0.14285714
133;0LT006031PLA;181;202;0.21428571
133;0LT006031PLA;182;202;0.10714286
133;0MC006003AMA;160;182;0.00196328
133;0MC006003AMA;161;176;0.01797472
133;0MC006003AMA;161;177;0.02406489
133;0MC006003AMA;161;179;0.03413480
133;0MC006003AMA;161;181;0.00636103
133;0MC006003AMA;161;182;0.00760264
133;0MC006003AMA;162;177;0.03886342
133;0MC006003AMA;162;178;0.07882049
133;0MC006003AMA;162;179;0.03810435
133;0MC006003AMA;162;181;0.01245431
133;0MC006003AMA;163;177;0.01201689
133;0MC006003AMA;163;178;0.03014066
133;0MC006003AMA;163;179;0.00259176
133;0MC006003AMA;163;180;0.00193109
133;0MC006003AMA;163;181;0.01235572
133;0MC006003AMA;164;178;0.03389788
133;0MC006003AMA;164;180;0.00286536
133;0MC006003AMA;164;181;0.11600294
133;0MC006003AMA;164;182;0.02829549
133;0MC006003AMA;164;183;0.01548382
133;0MC006003AMA;164;184;0.00028341
133;0MC006003AMA;165;178;0.12419398
133;0MC006003AMA;165;179;0.06099222
133;0MC006003AMA;165;180;0.00027982
133;0MC006003AMA;166;178;0.14214461
133;0MC006003AMA;167;178;0.00189269
133;0MC006003AMA;167;179;0.00325049
133;0MC006003AMA;168;179;0.00361087
133;0MC006003AMA;168;180;0.00364647
133;0MC006003AMA;169;179;0.00213520
133;0MC006003AMA;169;180;0.02496101
133;0MC006003AMA;170;180;0.05360860
133;0MC006003AMA;171;180;0.00084891
133;0MC006003AMA;171;181;0.00541040
133;0MC006003AMA;171;182;0.00335817
133;0MC006003AMA;172;182;0.00418652
133;0MC006003AMA;172;183;0.00095119
133;0MC006003AMA;173;183;0.00501145
133;0MC006003AMA;174;183;0.00485640
133;0MC006003AMA;175;183;0.00472266
133;0MC006003AMA;176;183;0.00142337
133;0MC006003AMA;176;184;0.00429743
133;0MC006003AMA;177;184;0.00430334
133;0MC006003AMA;177;185;0.00413643
133;0MC006003AMA;178;185;0.00182379
133;0MC006003AMA;178;186;0.00363617
133;0MC006003AMA;179;186;0.00582532
133;0MC006003AMA;179;187;0.00163119
133;0MC006003AMA;180;187;0.00274152
133;0MC006003AMA;180;188;0.00384043
133;0MC006003AMA;181;188;0.00007037
133;0MC006005CAL;168;174;0.50000000
133;0MC006005CAL;172;172;0.50000000
133;0MC0060090ED;159;186;0.05633803
133;0MC0060090ED;159;188;0.01408451
133;0MC0060090ED;160;185;0.08450704
133;0MC0060090ED;160;186;0.21126761
133;0MC0060090ED;161;193;0.01408451
133;0MC0060090ED;162;186;0.28169014
133;0MC0060090ED;162;187;0.02816901
133;0MC0060090ED;163;187;0.01408451
133;0MC0060090ED;164;188;0.06808895
133;0MC0060090ED;164;193;0.01408451
133;0MC0060090ED;165;187;0.04225352
133;0MC0060090ED;165;188;0.06647946
133;0MC0060090ED;165;189;0.00076965
133;0MC0060090ED;166;188;0.04776053
133;0MC0060090ED;168;187;0.01408451
133;0MC0060090ED;168;189;0.02816901
133;0MC0060090ED;170;189;0.01408451
133;0MC006022MPA;174;159;0.02303428
133;0MC006022MPA;174;160;0.01016652
133;0MC006022MPA;175;161;0.01039545
133;0MC006022MPA;176;160;0.01277747
133;0MC006022MPA;176;161;0.00952854
133;0MC006022MPA;177;160;0.00554616
133;0MC006022MPA;177;161;0.02030965
133;0MC006022MPA;177;162;0.00237996
133;0MC006022MPA;178;151;0.06088574
133;0MC006022MPA;178;160;0.00317406
133;0MC006022MPA;178;161;0.01893665
133;0MC006022MPA;179;151;0.00500914
133;0MC006022MPA;179;152;0.07436432
133;0MC006022MPA;179;158;0.00569129
133;0MC006022MPA;179;159;0.00712930
133;0MC006022MPA;179;160;0.00399049
133;0MC006022MPA;180;152;0.00112871
133;0MC006022MPA;180;153;0.07336862
133;0MC006022MPA;180;156;0.01676065
133;0MC006022MPA;180;157;0.02154366
133;0MC006022MPA;180;158;0.00317942
133;0MC006022MPA;180;164;0.00018010
133;0MC006022MPA;181;153;0.00294080
133;0MC006022MPA;181;154;0.10086251
133;0MC006022MPA;181;155;0.01711088
133;0MC006022MPA;181;156;0.00856388
133;0MC006022MPA;182;154;0.00715981
133;0MC006022MPA;182;155;0.07363853
133;0MC006022MPA;183;154;0.05092612
133;0MC006022MPA;183;155;0.05280838
133;0MC006022MPA;183;156;0.00323307
133;0MC006022MPA;183;157;0.00657070
133;0MC006022MPA;183;158;0.01180713
133;0MC006022MPA;183;159;0.00192644
133;0MC006022MPA;184;154;0.02074520
133;0MC006022MPA;184;156;0.01191776
133;0MC006022MPA;184;157;0.00614792
133;0MC006022MPA;184;159;0.01360702
133;0MC006022MPA;184;160;0.00749832
133;0MC006022MPA;185;154;0.02231727
133;0MC006022MPA;185;159;0.00985409
133;0MC006022MPA;185;160;0.00108116
133;0MC006022MPA;186;154;0.02136908
133;0MC006022MPA;186;159;0.00134061
133;0MC006022MPA;186;160;0.01074646
133;0MC006022MPA;187;154;0.02331504
133;0MC006022MPA;187;160;0.00842629
133;0MC006022MPA;188;153;0.01460004
133;0MC006022MPA;188;154;0.00916982
133;0MC006022MPA;190;154;0.03944891
133;0MC006022MPA;190;155;0.05138661
133;0MC006029NSI;160;202;0.22931404
133;0MC006029NSI;161;201;0.11465702
133;0MC006029NSI;168;204;0.01205787
133;0MC006029NSI;175;205;0.14656387
133;0MC006029NSI;176;204;0.07328194
133;0MC006029NSI;176;205;0.07328194
133;0MC006029NSI;178;204;0.28577494
133;0MC006029NSI;178;205;0.05819612
133;0MC006029NSI;179;205;0.00687226
133;0MC006031PLA;162;197;0.10075686
133;0MC006031PLA;162;198;0.40176190
133;0MC006031PLA;162;199;0.00126555
133;0MC006031PLA;164;196;0.00211727
133;0MC006031PLA;164;200;0.10000000
133;0MC006031PLA;164;201;0.10000000
133;0MC006031PLA;165;196;0.04826116
133;0MC006031PLA;168;204;0.13953594
133;0MC006031PLA;169;204;0.00554447
133;0MC006031PLA;178;204;0.05037843
133;0MC006031PLA;179;204;0.05037843
133;0MC006032NSI;156;231;0.17500000
133;0MC006032NSI;158;231;0.07499662
133;0MC006032NSI;161;214;0.17500000
133;0MC006032NSI;161;224;0.04501207
133;0MC006032NSI;163;225;0.17500000
133;0MC006032NSI;165;221;0.05999760
133;0MC006032NSI;172;217;0.17500000
133;0MC006032NSI;173;218;0.11999370
133;0MC006046NSI;182;214;1.00000000
133;0MC006055TUO;168;164;0.00005709
133;0MC006055TUO;169;164;0.04044464
133;0MC006055TUO;169;165;0.00271119
133;0MC006055TUO;170;164;0.02655728
133;0MC006055TUO;170;165;0.00707884
133;0MC006055TUO;171;164;0.03431491
133;0MC006055TUO;171;165;0.03411324
133;0MC006055TUO;172;165;0.02843885
133;0MC006055TUO;172;166;0.03878761
133;0MC006055TUO;172;168;0.04633616
133;0MC006055TUO;172;169;0.01730885
133;0MC006055TUO;173;165;0.08388473
133;0MC006055TUO;173;166;0.10147597
133;0MC006055TUO;173;167;0.14106962
133;0MC006055TUO;173;168;0.04759612
133;0MC006055TUO;173;169;0.03832362
133;0MC006055TUO;174;160;0.00041372
133;0MC006055TUO;174;164;0.02828083
133;0MC006055TUO;174;165;0.01076764
133;0MC006055TUO;174;168;0.10600085
133;0MC006055TUO;174;169;0.04005082
133;0MC006055TUO;175;160;0.00571851
133;0MC006055TUO;175;161;0.00068625
133;0MC006055TUO;175;164;0.03754915
133;0MC006055TUO;175;168;0.00495911
133;0MC006055TUO;176;162;0.00011855
133;0MC006055TUO;176;163;0.00379536
133;0MC006055TUO;176;164;0.00374241
133;0MC006055TUO;176;168;0.00563707
133;0MC006055TUO;177;162;0.00258748
133;0MC006055TUO;177;164;0.00130150
133;0MC006055TUO;177;168;0.00003004
133;0MC006055TUO;177;169;0.00634041
133;0MC006055TUO;177;170;0.00082952
133;0MC006055TUO;178;164;0.00120347
133;0MC006055TUO;178;170;0.00700301
133;0MC006055TUO;178;171;0.00096437
133;0MC006055TUO;179;164;0.00107883
133;0MC006055TUO;179;171;0.00599323
133;0MC006055TUO;180;164;0.00095093
133;0MC006055TUO;180;171;0.00122749
133;0MC006055TUO;180;172;0.00623295
133;0MC006055TUO;180;173;0.00071648
133;0MC006055TUO;181;164;0.00070200
133;0MC006055TUO;181;173;0.00592266
133;0MC006055TUO;182;164;0.00169953
133;0MC006055TUO;182;173;0.00184660
133;0MC006055TUO;182;174;0.00403812
133;0MC006055TUO;182;175;0.00082151
133;0MC006055TUO;182;176;0.00044784
133;0MC006055TUO;183;164;0.00171840
133;0MC006055TUO;183;176;0.00054322
133;0MC006055TUO;183;177;0.00062079
133;0MC006055TUO;184;163;0.00006115
133;0MC006055TUO;184;164;0.00179187
133;0MC006055TUO;184;177;0.00044429
133;0MC006055TUO;184;178;0.00087232
133;0MC006055TUO;185;163;0.00003487
133;0MC006055TUO;185;164;0.00080388
133;0MC006055TUO;185;178;0.00079224
133;0MC006055TUO;186;178;0.00075952
133;0MC006055TUO;187;177;0.00018471
133;0MC006055TUO;187;178;0.00069024
133;0MC006055TUO;188;177;0.00098041
133;0MC006055TUO;189;177;0.00084306
133;0MC006055TUO;189;178;0.00013086
133;0MC006055TUO;190;178;0.00008964
133;0MC006055TUO;198;166;0.00048159
133;0MD006015KER;214;91;0.00507247
133;0MD006015KER;214;92;0.00507247
133;0MD006015KER;214;94;0.01286069
133;0MD006015KER;215;90;0.00281335
133;0MD006015KER;215;100;0.00507247
133;0MD006015KER;216;90;0.00225912
133;0MD006015KER;216;91;0.04565217
133;0MD006015KER;216;104;0.05072464
133;0MD006015KER;216;105;0.05072464
133;0MD006015KER;217;91;0.04565217
133;0MD006015KER;217;107;0.01521739
133;0MD006015KER;217;108;0.00507247
133;0MD006015KER;217;109;0.00507247
133;0MD006015KER;218;91;0.01014492
133;0MD006015KER;218;96;0.00507247
133;0MD006015KER;218;105;0.01014492
133;0MD006015KER;218;108;0.02536232
133;0MD006015KER;219;105;0.01014492
133;0MD006015KER;222;91;0.01286069
133;0MD006015KER;223;89;0.04565217
133;0MD006015KER;223;90;0.00507247
133;0MD006015KER;224;84;0.05072464
133;0MD006015KER;224;86;0.00507247
133;0MD006015KER;224;89;0.00507247
133;0MD006015KER;227;91;0.01521739
133;0MD006015KER;227;92;0.02028986
133;0MD006015KER;227;96;0.00507247
133;0MD006015KER;228;91;0.03043478
133;0MD006015KER;229;91;0.00507247
133;0MD006015KER;230;106;0.00507247
133;0MD006015KER;231;106;0.00507247
133;0MD006015KER;232;106;0.01014492
133;0MD006015KER;233;106;0.01521739
133;0MD006015KER;234;88;0.27427861
133;0MD006015KER;234;104;0.00507247
133;0MD006015KER;234;105;0.08264045
133;0MD006015KER;234;106;0.07460592
133;0MD006015KER;235;88;0.01014492
133;0MD006015KER;235;105;0.00507247
133;0MD0060190AV;223;77;0.00246479
133;0MD0060190AV;223;78;0.00246479
133;0MD0060190AV;223;79;0.00180260
133;0MD0060190AV;223;80;0.00768182
133;0MD0060190AV;223;81;0.02218310
133;0MD0060190AV;224;77;0.00492957
133;0MD0060190AV;224;78;0.09942163
133;0MD0060190AV;224;79;0.17448000
133;0MD0060190AV;224;80;0.01042133
133;0MD0060190AV;225;75;0.00246427
133;0MD0060190AV;225;76;0.03084714
133;0MD0060190AV;225;77;0.08746324
133;0MD0060190AV;225;78;0.04611526
133;0MD0060190AV;225;79;0.22745148
133;0MD0060190AV;225;80;0.07311885
133;0MD0060190AV;226;76;0.00246479
133;0MD0060190AV;226;77;0.01478873
133;0MD0060190AV;226;80;0.00739437
133;0MD0060190AV;227;76;0.15000000
133;0MD0060190AV;227;79;0.00108562
133;0MD0060190AV;228;75;0.01232394
133;0MD0060190AV;228;79;0.00384397
133;0MD0060190AV;232;75;0.00246479
133;0MD0060190AV;232;78;0.00246479
133;0MD0060190AV;233;75;0.00492957
133;0MD0060190AV;234;75;0.00492957
133;0MD0060330SC;288;56;1.00000000
133;0MD006033MOJ;299;54;0.27427861
133;0MD006033MOJ;303;54;0.03868435
133;0MD006033MOJ;305;52;0.02592593
133;0MD006033MOJ;305;54;0.02592593
133;0MD006033MOJ;305;57;0.02592593
133;0MD006033MOJ;306;53;0.03116413
133;0MD006033MOJ;306;54;0.50031735
133;0MD006033MOJ;306;55;0.01296296
133;0MD006033MOJ;307;54;0.06481481
133;0MD006036MOJ;236;71;0.01000000
133;0MD006036MOJ;237;73;0.01000000
133;0MD006036MOJ;238;88;0.01000003
133;0MD006036MOJ;240;69;0.00372582
133;0MD006036MOJ;240;71;0.00627460
133;0MD006036MOJ;240;76;0.01000000
133;0MD006036MOJ;241;72;0.05901884
133;0MD006036MOJ;241;75;0.01000000
133;0MD006036MOJ;241;76;0.01040977
133;0MD006036MOJ;241;77;0.01959023
133;0MD006036MOJ;241;78;0.01000000
133;0MD006036MOJ;242;73;0.01342989
133;0MD006036MOJ;242;74;0.02000000
133;0MD006036MOJ;242;75;0.01202864
133;0MD006036MOJ;242;77;0.03000000
133;0MD006036MOJ;243;73;0.03657011
133;0MD006036MOJ;243;74;0.01000000
133;0MD006036MOJ;243;75;0.05701652
133;0MD006036MOJ;243;76;0.00095484
133;0MD006036MOJ;244;72;0.01000000
133;0MD006036MOJ;244;73;0.01000000
133;0MD006036MOJ;244;74;0.04931216
133;0MD006036MOJ;244;75;0.01068783
133;0MD006036MOJ;244;76;0.02000000
133;0MD006036MOJ;245;74;0.02000000
133;0MD006036MOJ;245;76;0.01000000
133;0MD006036MOJ;246;74;0.02000000
133;0MD006036MOJ;246;78;0.02000000
133;0MD006036MOJ;246;87;0.01000000
133;0MD006036MOJ;247;85;0.02000000
133;0MD006036MOJ;248;85;0.11941073
133;0MD006036MOJ;248;86;0.01000000
133;0MD006036MOJ;249;85;0.01000000
133;0MD006036MOJ;249;86;0.06607807
133;0MD006036MOJ;250;86;0.03000000
133;0MD006036MOJ;252;74;0.02000000
133;0MD006036MOJ;252;86;0.01411777
133;0MD006036MOJ;254;86;0.01000000
133;0MD006036MOJ;254;87;0.00058842
133;0MD006036MOJ;257;84;0.00411778
133;0MD006036MOJ;259;84;0.00901966
133;0MD006036MOJ;260;63;0.01000000
133;0MD006036MOJ;261;84;0.01254921
133;0MD006036MOJ;261;90;0.01254921
133;0MD006036MOJ;263;65;0.01000000
133;0MD006036MOJ;264;65;0.01611856
133;0MD006036MOJ;264;66;0.02388144
133;0MD006036MOJ;268;67;0.01000000
133;0MD006036MOJ;270;66;0.01000000
133;0MD006036MOJ;271;66;0.02000000
133;0MD006036MOJ;272;67;0.01000000
133;0MD006036MOJ;278;102;0.01254921
133;0MD006036MOJ;281;103;0.00627460
133;0MD006036MOJ;290;86;0.01254921
133;0MD006036MOJ;305;85;0.00117684
133;0NC006008NCU;107;277;1.00000000
133;0NC006012NCU;96;241;0.01187178
133;0NC006012NCU;96;244;0.01555555
133;0NC006012NCU;96;245;0.03111111
133;0NC006012NCU;96;246;0.03111111
133;0NC006012NCU;97;239;0.21916488
133;0NC006012NCU;97;240;0.14098573
133;0NC006012NCU;97;241;0.00368377
133;0NC006012NCU;97;245;0.01108203
133;0NC006012NCU;97;246;0.20222222
133;0NC006012NCU;97;254;0.04931399
133;0NC006012NCU;97;255;0.04931399
133;0NC006012NCU;98;225;0.01555555
133;0NC006012NCU;98;238;0.01555555
133;0NC006012NCU;98;245;0.00447352
133;0NC006012NCU;98;246;0.01555555
133;0NC006012NCU;98;248;0.01555555
133;0NC006012NCU;98;250;0.01555555
133;0NC006012NCU;99;248;0.02467786
133;0NC006012NCU;99;249;0.05309992
133;0NC006012NCU;100;248;0.01555555
133;0NC006012NCU;101;248;0.01233251
133;0NC006012NCU;102;231;0.01555555
133;0NC006012NCU;104;227;0.01555555
133;0NC006012NCU;107;253;0.01555555
133;0NC006023MEN;103;208;0.00333899
133;0NC006023MEN;103;209;0.34666101
133;0NC006023MEN;106;205;0.00261257
133;0NC006023MEN;107;205;0.08488742
133;0NC006023MEN;107;219;0.02769179
133;0NC006023MEN;109;199;0.08750000
133;0NC006023MEN;110;213;0.04153745
133;0NC006023MEN;111;212;0.00461568
133;0NC006023MEN;112;208;0.01385028
133;0NC006023MEN;115;199;0.08695332
133;0NC006023MEN;115;200;0.08804668
133;0NC006023MEN;115;201;0.21230479
133;0NC0060490NS;118;191;0.04885935
133;0NC0060490NS;118;192;0.01638101
133;0NC0060490NS;119;179;0.01638101
133;0NC0060490NS;119;181;0.01638101
133;0NC0060490NS;119;183;0.06552406
133;0NC0060490NS;119;190;0.01638101
133;0NC0060490NS;119;191;0.13133180
133;0NC0060490NS;120;180;0.03496323
133;0NC0060490NS;120;181;0.01417981
133;0NC0060490NS;121;181;0.03352015
133;0NC0060490NS;121;182;0.01638101
133;0NC0060490NS;121;186;0.35456886
133;0NC0060490NS;121;187;0.03276203
133;0NC0060490NS;121;188;0.01638101
133;0NC0060490NS;121;189;0.01638101
133;0NC0060490NS;122;185;0.09828609
133;0NC0060490NS;122;186;0.07133751
133;0NC006053NCU;109;248;0.30000400
133;0NC006053NCU;122;241;0.69999600
133;0SC0060190SC;208;82;0.14111659
133;0SC0060190SC;210;64;0.00041571
133;0SC0060190SC;211;64;0.00036374
133;0SC0060190SC;212;64;0.00020785
133;0SC0060190SC;213;64;0.00000999
133;0SC0060190SC;213;65;0.00006782
133;0SC0060190SC;213;72;0.00087618
133;0SC0060190SC;213;73;0.00070346
133;0SC0060190SC;214;63;0.00000741
133;0SC0060190SC;214;64;0.00000582
133;0SC0060190SC;214;65;0.00017619
133;0SC0060190SC;214;66;0.00039108
133;0SC0060190SC;214;67;0.00328247
133;0SC0060190SC;214;72;0.00529255
133;0SC0060190SC;214;73;0.00087007
133;0SC0060190SC;214;74;0.03568261
133;0SC0060190SC;215;61;0.00005196
133;0SC0060190SC;215;63;0.00004455
133;0SC0060190SC;215;65;0.00051963
133;0SC0060190SC;215;66;0.00189530
133;0SC0060190SC;215;67;0.00409632
133;0SC0060190SC;215;68;0.00010393
133;0SC0060190SC;215;70;0.00015589
133;0SC0060190SC;215;71;0.00015469
133;0SC0060190SC;215;72;0.00675303
133;0SC0060190SC;215;73;0.00143124
133;0SC0060190SC;216;61;0.00005196
133;0SC0060190SC;216;62;0.00010393
133;0SC0060190SC;216;65;0.00036374
133;0SC0060190SC;216;66;0.00069117
133;0SC0060190SC;216;67;0.00086773
133;0SC0060190SC;216;70;0.00005833
133;0SC0060190SC;216;71;0.00082625
133;0SC0060190SC;216;72;0.00146401
133;0SC0060190SC;216;73;0.00003617
133;0SC0060190SC;216;74;0.00001579
133;0SC0060190SC;217;60;0.00015589
133;0SC0060190SC;217;61;0.00348561
133;0SC0060190SC;217;62;0.00005196
133;0SC0060190SC;217;65;0.00025982
133;0SC0060190SC;217;66;0.00351949
133;0SC0060190SC;217;67;0.00025982
133;0SC0060190SC;217;68;0.00008821
133;0SC0060190SC;217;69;0.00155167
133;0SC0060190SC;217;71;0.00005960
133;0SC0060190SC;217;72;0.00096375
133;0SC0060190SC;218;60;0.00077305
133;0SC0060190SC;218;61;0.00189901
133;0SC0060190SC;218;62;0.00074706
133;0SC0060190SC;218;64;0.00010393
133;0SC0060190SC;218;65;0.00087319
133;0SC0060190SC;218;66;0.00219918
133;0SC0060190SC;218;67;0.00040347
133;0SC0060190SC;218;68;0.00468236
133;0SC0060190SC;218;69;0.00053693
133;0SC0060190SC;218;71;0.00000688
133;0SC0060190SC;218;72;0.00025982
133;0SC0060190SC;219;54;0.00005196
133;0SC0060190SC;219;56;0.00031178
133;0SC0060190SC;219;57;0.00036374
133;0SC0060190SC;219;58;0.00153649
133;0SC0060190SC;219;59;0.00010393
133;0SC0060190SC;219;60;0.00077823
133;0SC0060190SC;219;61;0.00218246
133;0SC0060190SC;219;62;0.00041679
133;0SC0060190SC;219;63;0.00020677
133;0SC0060190SC;219;64;0.00015589
133;0SC0060190SC;219;65;0.00061382
133;0SC0060190SC;219;66;0.00341846
133;0SC0060190SC;219;67;0.00596711
133;0SC0060190SC;219;68;0.00175141
133;0SC0060190SC;219;69;0.00003875
133;0SC0060190SC;219;72;0.00005196
133;0SC0060190SC;220;54;0.00005196
133;0SC0060190SC;220;55;0.00040393
133;0SC0060190SC;220;56;0.00119346
133;0SC0060190SC;220;57;0.00124460
133;0SC0060190SC;220;58;0.00236607
133;0SC0060190SC;220;59;0.00519331
133;0SC0060190SC;220;60;0.00153632
133;0SC0060190SC;220;61;0.00438901
133;0SC0060190SC;220;62;0.00127500
133;0SC0060190SC;220;63;0.00160854
133;0SC0060190SC;220;64;0.00010393
133;0SC0060190SC;220;65;0.00235094
133;0SC0060190SC;220;66;0.00567899
133;0SC0060190SC;220;67;0.00191803
133;0SC0060190SC;220;73;0.00000610
133;0SC0060190SC;220;74;0.00014979
133;0SC0060190SC;221;55;0.00460344
133;0SC0060190SC;221;56;0.01068620
133;0SC0060190SC;221;57;0.00214732
133;0SC0060190SC;221;58;0.01040946
133;0SC0060190SC;221;59;0.00086463
133;0SC0060190SC;221;60;0.00214369
133;0SC0060190SC;221;61;0.00187830
133;0SC0060190SC;221;62;0.00113558
133;0SC0060190SC;221;63;0.00218478
133;0SC0060190SC;221;64;0.00005196
133;0SC0060190SC;221;65;0.00456496
133;0SC0060190SC;221;66;0.00049507
133;0SC0060190SC;221;67;0.00005338
133;0SC0060190SC;221;68;0.00015448
133;0SC0060190SC;221;75;0.00005196
133;0SC0060190SC;222;42;0.00005196
133;0SC0060190SC;222;53;0.00062380
133;0SC0060190SC;222;54;0.00274638
133;0SC0060190SC;222;55;0.00551244
133;0SC0060190SC;222;56;0.00753841
133;0SC0060190SC;222;57;0.01904720
133;0SC0060190SC;222;58;0.01532408
133;0SC0060190SC;222;59;0.00165488
133;0SC0060190SC;222;60;0.00583845
133;0SC0060190SC;222;61;0.01935989
133;0SC0060190SC;222;62;0.00522351
133;0SC0060190SC;222;63;0.00189352
133;0SC0060190SC;222;64;0.00408542
133;0SC0060190SC;222;65;0.00228215
133;0SC0060190SC;222;67;0.00067552
133;0SC0060190SC;223;54;0.00230940
133;0SC0060190SC;223;55;0.00529619
133;0SC0060190SC;223;56;0.00862379
133;0SC0060190SC;223;57;0.01371253
133;0SC0060190SC;223;58;0.00234040
133;0SC0060190SC;223;59;0.00513658
133;0SC0060190SC;223;60;0.01475665
133;0SC0060190SC;223;61;0.04769473
133;0SC0060190SC;223;62;0.01812036
133;0SC0060190SC;223;63;0.00335070
133;0SC0060190SC;223;64;0.00116549
133;0SC0060190SC;223;65;0.00025982
133;0SC0060190SC;223;66;0.00020785
133;0SC0060190SC;223;67;0.00005196
133;0SC0060190SC;224;54;0.00121595
133;0SC0060190SC;224;55;0.00773671
133;0SC0060190SC;224;56;0.00201298
133;0SC0060190SC;224;57;0.00655067
133;0SC0060190SC;224;58;0.00557619
133;0SC0060190SC;224;59;0.00496851
133;0SC0060190SC;224;60;0.01392828
133;0SC0060190SC;224;61;0.01604675
133;0SC0060190SC;224;62;0.00263283
133;0SC0060190SC;224;63;0.00069283
133;0SC0060190SC;224;64;0.00046767
133;0SC0060190SC;224;65;0.00015589
133;0SC0060190SC;224;66;0.00025982
133;0SC0060190SC;225;54;0.00031178
133;0SC0060190SC;225;55;0.00714475
133;0SC0060190SC;225;56;0.00094783
133;0SC0060190SC;225;57;0.00451035
133;0SC0060190SC;225;58;0.00514310
133;0SC0060190SC;225;59;0.00259945
133;0SC0060190SC;225;60;0.04275578
133;0SC0060190SC;225;61;0.01290346
133;0SC0060190SC;225;62;0.00068964
133;0SC0060190SC;225;63;0.00290995
133;0SC0060190SC;225;64;0.00142271
133;0SC0060190SC;225;65;0.00055189
133;0SC0060190SC;225;66;0.00010393
133;0SC0060190SC;226;55;0.00005196
133;0SC0060190SC;226;56;0.00030089
133;0SC0060190SC;226;57;0.00270238
133;0SC0060190SC;226;58;0.00317588
133;0SC0060190SC;226;59;0.00342619
133;0SC0060190SC;226;60;0.10006668
133;0SC0060190SC;226;61;0.00186331
133;0SC0060190SC;226;62;0.00144086
133;0SC0060190SC;226;63;0.00285799
133;0SC0060190SC;226;64;0.00010393
133;0SC0060190SC;226;65;0.00093534
133;0SC0060190SC;227;56;0.00032267
133;0SC0060190SC;227;57;0.00471333
133;0SC0060190SC;227;58;0.01127734
133;0SC0060190SC;227;59;0.02360219
133;0SC0060190SC;227;60;0.00470162
133;0SC0060190SC;227;61;0.00279875
133;0SC0060190SC;227;62;0.02031142
133;0SC0060190SC;227;63;0.00497549
133;0SC0060190SC;227;64;0.00041571
133;0SC0060190SC;227;65;0.00062628
133;0SC0060190SC;228;57;0.00567291
133;0SC0060190SC;228;58;0.00357526
133;0SC0060190SC;228;59;0.00036374
133;0SC0060190SC;228;60;0.00004238
133;0SC0060190SC;228;61;0.00117279
133;0SC0060190SC;228;62;0.00722453
133;0SC0060190SC;228;63;0.00469433
133;0SC0060190SC;228;64;0.00294091
133;0SC0060190SC;228;65;0.00107964
133;0SC0060190SC;229;58;0.00000212
133;0SC0060190SC;229;61;0.00855166
133;0SC0060190SC;229;62;0.00427016
133;0SC0060190SC;229;63;0.00554821
133;0SC0060190SC;229;64;0.00753973
133;0SC0060190SC;229;65;0.00005196
133;0SC0060190SC;230;60;0.00005196
133;0SC0060190SC;230;61;0.01082675
133;0SC0060190SC;230;62;0.00046767
133;0SC0060190SC;230;63;0.00271020
133;0SC0060190SC;230;64;0.01001657
133;0SC0060190SC;230;65;0.00155947
133;0SC0060190SC;231;61;0.00787550
133;0SC0060190SC;231;63;0.00135105
133;0SC0060190SC;231;64;0.00192264
133;0SC0060190SC;232;61;0.00597072
133;0SC0060190SC;232;62;0.00312495
133;0SC0060190SC;232;63;0.00015789
133;0SC0060190SC;232;64;0.00379132
133;0SC0060190SC;233;62;0.01022172
133;0SC0060190SC;233;63;0.00470035
133;0SC0060190SC;233;64;0.00183079
133;0SC0060190SC;234;61;0.00039001
133;0SC0060190SC;234;62;0.00512056
133;0SC0060190SC;234;63;0.00414116
133;0SC0060190SC;234;64;0.00005196
133;0SC0060190SC;235;63;0.00010393
133;0SC0060190SC;235;64;0.00020785
133;0SC0060300SC;227;54;0.00032493
133;0SC0060300SC;227;55;0.00752335
133;0SC0060300SC;227;56;0.00061351
133;0SC0060300SC;227;57;0.00030400
133;0SC0060300SC;228;52;0.00085451
133;0SC0060300SC;228;53;0.04343763
133;0SC0060300SC;228;54;0.01936079
133;0SC0060300SC;228;55;0.02958513
133;0SC0060300SC;228;56;0.00368104
133;0SC0060300SC;228;57;0.01687587
133;0SC0060300SC;229;51;0.00030675
133;0SC0060300SC;229;52;0.05555770
133;0SC0060300SC;229;53;0.00946807
133;0SC0060300SC;229;54;0.05505540
133;0SC0060300SC;229;55;0.00889584
133;0SC0060300SC;229;56;0.05201088
133;0SC0060300SC;229;57;0.01209977
133;0SC0060300SC;229;58;0.05060099
133;0SC0060300SC;229;59;0.00030675
133;0SC0060300SC;230;50;0.00030675
133;0SC0060300SC;230;51;0.01717818
133;0SC0060300SC;230;52;0.01390458
133;0SC0060300SC;230;53;0.05049355
133;0SC0060300SC;230;54;0.01871195
133;0SC0060300SC;230;55;0.00245402
133;0SC0060300SC;230;56;0.00590779
133;0SC0060300SC;230;57;0.00578837
133;0SC0060300SC;230;58;0.00775613
133;0SC0060300SC;230;59;0.01497248
133;0SC0060300SC;231;50;0.00061351
133;0SC0060300SC;231;51;0.00092026
133;0SC0060300SC;231;52;0.01153750
133;0SC0060300SC;231;53;0.01614668
133;0SC0060300SC;231;54;0.01137569
133;0SC0060300SC;231;55;0.02152375
133;0SC0060300SC;231;56;0.02624448
133;0SC0060300SC;231;57;0.03427978
133;0SC0060300SC;231;58;0.00030675
133;0SC0060300SC;231;59;0.01040073
133;0SC0060300SC;232;52;0.03857182
133;0SC0060300SC;232;53;0.04089671
133;0SC0060300SC;232;54;0.01720466
133;0SC0060300SC;232;55;0.01169331
133;0SC0060300SC;232;56;0.02328234
133;0SC0060300SC;232;57;0.05712490
133;0SC0060300SC;232;58;0.00110864
133;0SC0060300SC;232;59;0.00011837
133;0SC0060300SC;233;52;0.00139264
133;0SC0060300SC;233;53;0.02033517
133;0SC0060300SC;233;54;0.00023031
133;0SC0060300SC;233;57;0.00679630
133;0SC0060300SC;234;48;0.00061351
133;0SC0060300SC;234;49;0.00061351
133;0SC0060300SC;234;53;0.00030675
133;0SC0060300SC;234;57;0.10000000
133;0SC0060300SC;235;49;0.00122702
133;0SC0060300SC;235;51;0.02269974
133;0SC0060300SC;236;46;0.00092026
133;0SC0060300SC;236;47;0.00429454
133;0SC0060300SC;236;49;0.00245402
133;0SC0060300SC;236;50;0.00598890
133;0SC0060300SC;236;51;0.00014616
133;0SC0060300SC;237;45;0.00337429
133;0SC0060300SC;237;46;0.00061351
133;0SC0060300SC;238;46;0.00030675
133;0SC0060330SC;236;58;0.00045337
133;0SC0060330SC;237;57;0.00045337
133;0SC0060330SC;237;58;0.01873115
133;0SC0060330SC;237;60;0.00050112
133;0SC0060330SC;238;57;0.00415846
133;0SC0060330SC;238;58;0.03706244
133;0SC0060330SC;238;59;0.00728349
133;0SC0060330SC;238;60;0.00312582
133;0SC0060330SC;238;61;0.00727468
133;0SC0060330SC;238;62;0.00294517
133;0SC0060330SC;239;56;0.00367398
133;0SC0060330SC;239;57;0.01369355
133;0SC0060330SC;239;58;0.02540576
133;0SC0060330SC;239;59;0.00136011
133;0SC0060330SC;239;60;0.00248242
133;0SC0060330SC;239;61;0.01555157
133;0SC0060330SC;239;62;0.02705704
133;0SC0060330SC;240;55;0.00223901
133;0SC0060330SC;240;56;0.00224763
133;0SC0060330SC;240;58;0.01879466
133;0SC0060330SC;240;59;0.00544041
133;0SC0060330SC;240;60;0.00845280
133;0SC0060330SC;240;61;0.00906736
133;0SC0060330SC;241;54;0.00090674
133;0SC0060330SC;241;58;0.00045337
133;0SC0060330SC;241;59;0.00951765
133;0SC0060330SC;241;60;0.01981811
133;0SC0060330SC;241;61;0.00445375
133;0SC0060330SC;241;62;0.00007993
133;0SC0060330SC;242;51;0.00045337
133;0SC0060330SC;242;52;0.00000222
133;0SC0060330SC;242;59;0.00317338
133;0SC0060330SC;242;60;0.00937954
133;0SC0060330SC;242;61;0.01128179
133;0SC0060330SC;242;62;0.00730413
133;0SC0060330SC;243;51;0.00045337
133;0SC0060330SC;243;52;0.00135789
133;0SC0060330SC;243;53;0.00514001
133;0SC0060330SC;243;56;0.00045337
133;0SC0060330SC;243;58;0.00326887
133;0SC0060330SC;243;60;0.00321024
133;0SC0060330SC;243;61;0.05928680
133;0SC0060330SC;243;62;0.01070647
133;0SC0060330SC;244;51;0.00223961
133;0SC0060330SC;244;52;0.00453368
133;0SC0060330SC;244;53;0.00392735
133;0SC0060330SC;244;57;0.00045337
133;0SC0060330SC;244;58;0.00311091
133;0SC0060330SC;244;59;0.01645717
133;0SC0060330SC;244;60;0.01071294
133;0SC0060330SC;244;61;0.00385356
133;0SC0060330SC;245;50;0.00045337
133;0SC0060330SC;245;51;0.00592101
133;0SC0060330SC;245;52;0.00994214
133;0SC0060330SC;245;54;0.00136011
133;0SC0060330SC;245;55;0.00045337
133;0SC0060330SC;245;57;0.00136011
133;0SC0060330SC;245;58;0.00392667
133;0SC0060330SC;245;59;0.01074597
133;0SC0060330SC;245;60;0.00869226
133;0SC0060330SC;246;49;0.00044328
133;0SC0060330SC;246;50;0.00402986
133;0SC0060330SC;246;52;0.00045337
133;0SC0060330SC;246;53;0.00136011
133;0SC0060330SC;246;55;0.00362694
133;0SC0060330SC;246;56;0.01392244
133;0SC0060330SC;246;57;0.00824360
133;0SC0060330SC;246;58;0.00692296
133;0SC0060330SC;246;59;0.00687271
133;0SC0060330SC;246;60;0.00498704
133;0SC0060330SC;247;48;0.01479296
133;0SC0060330SC;247;49;0.01775578
133;0SC0060330SC;247;50;0.00045337
133;0SC0060330SC;247;51;0.00136011
133;0SC0060330SC;247;52;0.00090674
133;0SC0060330SC;247;53;0.00498704
133;0SC0060330SC;247;54;0.00453368
133;0SC0060330SC;247;55;0.00086841
133;0SC0060330SC;247;59;0.00045337
133;0SC0060330SC;247;60;0.00676856
133;0SC0060330SC;248;46;0.00858203
133;0SC0060330SC;248;47;0.00090674
133;0SC0060330SC;248;48;0.03145057
133;0SC0060330SC;248;49;0.00675466
133;0SC0060330SC;248;50;0.00045337
133;0SC0060330SC;248;54;0.00090674
133;0SC0060330SC;248;55;0.00003832
133;0SC0060330SC;248;56;0.00045337
133;0SC0060330SC;248;57;0.00045337
133;0SC0060330SC;249;47;0.00812867
133;0SC0060330SC;249;48;0.00181347
133;0SC0060330SC;249;50;0.00045337
133;0SC0060330SC;249;53;0.00090674
133;0SC0060330SC;249;54;0.00045337
133;0SC0060330SC;249;61;0.00037947
133;0SC0060330SC;250;47;0.00090674
133;0SC0060330SC;250;54;0.00004211
133;0SC0060330SC;250;61;0.00370084
133;0SC0060330SC;250;62;0.00045337
133;0SC0060330SC;251;54;0.00530585
133;0SC0060330SC;251;55;0.00310321
133;0SC0060330SC;251;56;0.00019314
133;0SC0060330SC;251;59;0.00338907
133;0SC0060330SC;251;60;0.07750874
133;0SC0060330SC;251;61;0.00090674
133;0SC0060330SC;252;54;0.00242966
133;0SC0060330SC;252;55;0.02127633
133;0SC0060330SC;252;56;0.00524727
133;0SC0060330SC;252;59;0.05460930
133;0SC0060330SC;252;60;0.00603437
133;0SC0060330SC;253;55;0.00362694
133;0SC0060330SC;253;59;0.00090674
133;0SC0060330SC;253;60;0.00362694
133;0SC0060330SC;254;55;0.00090674
133;0SC0060330SC;254;59;0.00311426
133;0SC0060330SC;254;60;0.00323289
133;0SC0060330SC;255;60;0.01444386
133;0SC0060330SC;256;59;0.00090674
133;0SC0060330SC;256;60;0.16013818
133;0SC0060330SC;258;49;0.00045337
133;0SC0060330SC;258;54;0.00045337
133;0SC0060330SC;259;50;0.00090674
133;0SC0060360SC;234;61;0.00225825
133;0SC0060360SC;234;62;0.00150445
133;0SC0060360SC;235;60;0.00749304
133;0SC0060360SC;235;61;0.03223808
133;0SC0060360SC;235;62;0.00150375
133;0SC0060360SC;235;63;0.00300751
133;0SC0060360SC;235;64;0.00075188
133;0SC0060360SC;236;60;0.02105253
133;0SC0060360SC;236;61;0.00451125
133;0SC0060360SC;236;62;0.01037858
133;0SC0060360SC;236;63;0.01203002
133;0SC0060360SC;236;64;0.00480031
133;0SC0060360SC;236;65;0.00046282
133;0SC0060360SC;237;60;0.00099987
133;0SC0060360SC;237;61;0.00501514
133;0SC0060360SC;237;62;0.03354948
133;0SC0060360SC;237;63;0.00880158
133;0SC0060360SC;237;64;0.00451125
133;0SC0060360SC;237;65;0.00150375
133;0SC0060360SC;238;61;0.00075188
133;0SC0060360SC;238;62;0.04213502
133;0SC0060360SC;238;63;0.27658123
133;0SC0060360SC;238;64;0.01967504
133;0SC0060360SC;238;65;0.00225563
133;0SC0060360SC;239;62;0.04126397
133;0SC0060360SC;239;63;0.04764866
133;0SC0060360SC;239;64;0.00498791
133;0SC0060360SC;239;65;0.00075188
133;0SC0060360SC;240;62;0.00313655
133;0SC0060360SC;240;63;0.05553307
133;0SC0060360SC;240;64;0.01348017
133;0SC0060360SC;240;65;0.00075188
133;0SC0060360SC;241;62;0.00104824
133;0SC0060360SC;241;63;0.01047903
133;0SC0060360SC;241;64;0.00374718
133;0SC0060360SC;241;65;0.00809605
133;0SC0060360SC;241;66;0.00075188
133;0SC0060360SC;241;68;0.00075188
133;0SC0060360SC;242;62;0.00861870
133;0SC0060360SC;242;63;0.02148634
133;0SC0060360SC;242;64;0.01406978
133;0SC0060360SC;242;65;0.00346149
133;0SC0060360SC;242;66;0.00136679
133;0SC0060360SC;242;67;0.00314673
133;0SC0060360SC;243;62;0.00491507
133;0SC0060360SC;243;63;0.00852512
133;0SC0060360SC;243;64;0.00588990
133;0SC0060360SC;243;65;0.01100997
133;0SC0060360SC;243;66;0.00853880
133;0SC0060360SC;244;62;0.00300751
133;0SC0060360SC;244;63;0.03137955
133;0SC0060360SC;244;64;0.03562105
133;0SC0060360SC;244;65;0.01326758
133;0SC0060360SC;244;66;0.00751876
133;0SC0060360SC;244;68;0.00075188
133;0SC0060360SC;245;63;0.02705535
133;0SC0060360SC;245;64;0.02526611
133;0SC0060360SC;245;65;0.00999729
133;0SC0060360SC;245;68;0.00075188
133;0SC0060360SC;246;63;0.01509192
133;0SC0060360SC;246;64;0.01223071
133;0SC0060360SC;246;65;0.00526313
133;0SC0060360SC;246;68;0.00075188
133;0SC0060360SC;247;62;0.00075188
133;0SC0060360SC;247;63;0.00451125
133;0SC0060360SC;247;64;0.00075188
133;0SC0060360SC;247;68;0.00075188
133;0SC0060360SC;248;63;0.00150375
133;0SC0060360SC;248;67;0.00075188
133;0SC0060360SC;249;62;0.01126722
133;0SC0060360SC;249;63;0.00075188
133;0SC0060360SC;250;62;0.00300751
133;0SC0060360SC;250;63;0.00075188
133;0SC0060360SC;252;68;0.00150375
133;0SC0060360SC;252;69;0.00075188
133;0SC0060360SC;253;64;0.00075188
133;0SC0060360SC;253;68;0.00000057
133;0SC0060360SC;253;69;0.00075130
133;0SC0060360SC;254;69;0.00075188
133;0SC0060360SC;255;68;0.00075188
133;0SC0060360SC;255;69;0.00075188
133;0SD0060370SD;242;41;0.04615287
133;0SD0060370SD;243;39;0.00110072
133;0SD0060370SD;244;37;0.00094149
133;0SD0060370SD;244;38;0.00141224
133;0SD0060370SD;244;39;0.00478361
133;0SD0060370SD;244;40;0.00692738
133;0SD0060370SD;244;41;0.00013381
133;0SD0060370SD;245;35;0.00141224
133;0SD0060370SD;245;36;0.00047074
133;0SD0060370SD;245;37;0.00837127
133;0SD0060370SD;245;38;0.00077094
133;0SD0060370SD;245;39;0.00278519
133;0SD0060370SD;245;40;0.00421566
133;0SD0060370SD;245;41;0.00023537
133;0SD0060370SD;246;28;0.00023537
133;0SD0060370SD;246;29;0.00180344
133;0SD0060370SD;246;30;0.00007955
133;0SD0060370SD;246;32;0.00022832
133;0SD0060370SD;246;33;0.00071317
133;0SD0060370SD;246;34;0.03126872
133;0SD0060370SD;246;35;0.00132977
133;0SD0060370SD;246;36;0.00141224
133;0SD0060370SD;246;37;0.00804317
133;0SD0060370SD;246;38;0.00211523
133;0SD0060370SD;246;39;0.00320321
133;0SD0060370SD;246;40;0.00744893
133;0SD0060370SD;246;44;0.00447209
133;0SD0060370SD;247;26;0.00042455
133;0SD0060370SD;247;27;0.00232417
133;0SD0060370SD;247;28;0.00047074
133;0SD0060370SD;247;29;0.00188299
133;0SD0060370SD;247;30;0.00023537
133;0SD0060370SD;247;31;0.00235373
133;0SD0060370SD;247;32;0.00070613
133;0SD0060370SD;247;33;0.00023537
133;0SD0060370SD;247;35;0.00047074
133;0SD0060370SD;247;36;0.00023537
133;0SD0060370SD;247;37;0.00174821
133;0SD0060370SD;247;38;0.01511799
133;0SD0060370SD;247;39;0.00211836
133;0SD0060370SD;247;40;0.00094149
133;0SD0060370SD;248;25;0.00070612
133;0SD0060370SD;248;26;0.00169255
133;0SD0060370SD;248;27;0.02554542
133;0SD0060370SD;248;28;0.00484854
133;0SD0060370SD;248;29;0.00082660
133;0SD0060370SD;248;30;0.00088575
133;0SD0060370SD;248;31;0.02887841
133;0SD0060370SD;248;38;0.00898955
133;0SD0060370SD;248;40;0.00023537
133;0SD0060370SD;248;46;0.00300546
133;0SD0060370SD;249;26;0.03977807
133;0SD0060370SD;249;27;0.00387207
133;0SD0060370SD;249;28;0.00258910
133;0SD0060370SD;249;29;0.03043288
133;0SD0060370SD;249;30;0.00271685
133;0SD0060370SD;249;31;0.01985563
133;0SD0060370SD;249;32;0.00094149
133;0SD0060370SD;249;33;0.00047074
133;0SD0060370SD;249;34;0.00001628
133;0SD0060370SD;249;35;0.00021909
133;0SD0060370SD;249;37;0.02958705
133;0SD0060370SD;249;38;0.00951085
133;0SD0060370SD;250;23;0.00303575
133;0SD0060370SD;250;24;0.00563060
133;0SD0060370SD;250;25;0.04741970
133;0SD0060370SD;250;26;0.01814531
133;0SD0060370SD;250;27;0.00331988
133;0SD0060370SD;250;28;0.01587462
133;0SD0060370SD;250;29;0.00476024
133;0SD0060370SD;250;31;0.00328345
133;0SD0060370SD;250;32;0.00117687
133;0SD0060370SD;250;33;0.00082508
133;0SD0060370SD;250;34;0.00897587
133;0SD0060370SD;250;35;0.00336863
133;0SD0060370SD;250;36;0.00023537
133;0SD0060370SD;250;37;0.02380391
133;0SD0060370SD;250;38;0.00209651
133;0SD0060370SD;250;40;0.00023537
133;0SD0060370SD;251;22;0.00706119
133;0SD0060370SD;251;23;0.02267412
133;0SD0060370SD;251;24;0.00117855
133;0SD0060370SD;251;25;0.00408952
133;0SD0060370SD;251;26;0.00233216
133;0SD0060370SD;251;27;0.00564896
133;0SD0060370SD;251;28;0.00092714
133;0SD0060370SD;251;29;0.00062649
133;0SD0060370SD;251;32;0.01591981
133;0SD0060370SD;251;33;0.00502840
133;0SD0060370SD;251;34;0.00048207
133;0SD0060370SD;251;35;0.00023537
133;0SD0060370SD;251;38;0.00117687
133;0SD0060370SD;251;40;0.02032654
133;0SD0060370SD;252;22;0.00145241
133;0SD0060370SD;252;23;0.00729657
133;0SD0060370SD;252;24;0.00113053
133;0SD0060370SD;252;25;0.00023537
133;0SD0060370SD;252;26;0.00470747
133;0SD0060370SD;252;27;0.01294553
133;0SD0060370SD;252;28;0.00613406
133;0SD0060370SD;252;29;0.00023537
133;0SD0060370SD;252;30;0.00023537
133;0SD0060370SD;252;32;0.00117687
133;0SD0060370SD;252;33;0.00047074
133;0SD0060370SD;252;36;0.00012755
133;0SD0060370SD;252;37;0.00010783
133;0SD0060370SD;252;41;0.00023537
133;0SD0060370SD;253;22;0.01337610
133;0SD0060370SD;253;24;0.00028171
133;0SD0060370SD;253;25;0.00376597
133;0SD0060370SD;253;26;0.00027198
133;0SD0060370SD;253;27;0.00396474
133;0SD0060370SD;253;28;0.00706119
133;0SD0060370SD;253;29;0.04312268
133;0SD0060370SD;253;30;0.01854511
133;0SD0060370SD;253;32;0.00072186
133;0SD0060370SD;254;22;0.17014400
133;0SD0060370SD;254;23;0.00023537
133;0SD0060370SD;254;27;0.00047074
133;0SD0060370SD;254;28;0.00047074
133;0SD0060370SD;254;29;0.00376597
133;0SD0060370SD;254;30;0.00618553
133;0SD0060370SD;254;31;0.00064030
133;0SD0060370SD;254;32;0.00045501
133;0SD0060370SD;255;26;0.00023537
133;0SD0060370SD;255;29;0.00023537
133;0SD0060370SD;255;30;0.00494284
133;0SD0060370SD;255;35;0.00242444
133;0SD0060370SD;255;36;0.00110615
133;0SD0060370SD;257;30;0.00094149
133;0SD0060370SD;258;30;0.00047074
133;0SD0060370SD;260;30;0.02953864
133;0SD0060370SD;260;37;0.00023537
133;0SD0060370SD;261;23;0.00023537
133;0SD0060370SD;261;37;0.00047074
133;0SD0060370SD;264;28;0.02953864
133;0SD0060370SD;265;24;0.00094144
133;0SD0060370SD;265;25;0.00023542
133;0SD0060370SD;266;42;0.00164761
133;0SF0060010BA;133;163;0.00079505
133;0SF0060010BA;133;164;0.05253375
133;0SF0060010BA;133;165;0.03156807
133;0SF0060010BA;133;166;0.01694878
133;0SF0060010BA;134;162;0.00129669
133;0SF0060010BA;134;163;0.04318266
133;0SF0060010BA;134;164;0.02083958
133;0SF0060010BA;134;165;0.00571282
133;0SF0060010BA;134;166;0.00087992
133;0SF0060010BA;135;161;0.01671192
133;0SF0060010BA;135;162;0.21741655
133;0SF0060010BA;135;163;0.03234490
133;0SF0060010BA;135;164;0.00280951
133;0SF0060010BA;136;159;0.01681777
133;0SF0060010BA;136;160;0.01019363
133;0SF0060010BA;136;161;0.05542906
133;0SF0060010BA;136;162;0.01206070
133;0SF0060010BA;136;163;0.00086447
133;0SF0060010BA;137;158;0.00461495
133;0SF0060010BA;137;159;0.07260574
133;0SF0060010BA;137;160;0.01885359
133;0SF0060010BA;137;161;0.00204764
133;0SF0060010BA;138;156;0.00587200
133;0SF0060010BA;138;157;0.00151281
133;0SF0060010BA;138;158;0.04867152
133;0SF0060010BA;138;159;0.02481762
133;0SF0060010BA;138;160;0.00272607
133;0SF0060010BA;138;161;0.00135619
133;0SF0060010BA;139;155;0.00000252
133;0SF0060010BA;139;156;0.00940601
133;0SF0060010BA;139;157;0.00390098
133;0SF0060010BA;139;158;0.01132769
133;0SF0060010BA;139;161;0.00021612
133;0SF0060010BA;140;155;0.06707502
133;0SF0060010BA;140;156;0.02374482
133;0SF0060010BA;140;157;0.00086447
133;0SF0060010BA;141;154;0.00314430
133;0SF0060010BA;141;155;0.00774674
133;0SF0060010BA;141;156;0.00129871
133;0SF0060010BA;141;157;0.02500417
133;0SF0060010BA;141;160;0.00021612
133;0SF0060010BA;141;161;0.01037357
133;0SF0060010BA;142;159;0.00194505
133;0SF0060010BA;142;160;0.01599259
133;0SF0060010BA;142;161;0.00151281
133;0SF0060010BA;143;160;0.00062516
133;0SF0060010BA;143;161;0.00129669
133;0SF0060010BA;144;160;0.01178848
133;0SF0060010BA;144;161;0.00234980
133;0SF0060010BA;145;160;0.00394397
133;0SF0060010BA;145;161;0.03891489
133;0SF0060010BA;146;161;0.03582535
133;0SF0060070BA;133;167;0.07241380
133;0SF0060070BA;134;169;0.02413793
133;0SF0060070BA;135;166;0.04827586
133;0SF0060070BA;137;166;0.04827586
133;0SF0060070BA;137;168;0.07241380
133;0SF0060070BA;137;169;0.12068965
133;0SF0060070BA;138;166;0.07241380
133;0SF0060070BA;138;167;0.37241380
133;0SF0060070BA;139;167;0.02413793
133;0SF0060070BA;139;168;0.04827586
133;0SF0060070BA;140;163;0.02413793
133;0SF0060070BA;143;169;0.02413793
133;0SF0060070BA;144;169;0.04827586
133;0SF0060210BA;128;170;0.42864999
133;0SF0060210BA;129;165;0.57135001
133;0SF0060280BA;130;183;0.03225806
133;0SF0060280BA;133;177;0.06451613
133;0SF0060280BA;134;174;0.32258065
133;0SF0060280BA;134;175;0.41935484
133;0SF0060280BA;134;176;0.16129032
133;0SF0060380BA;129;161;0.00630634
133;0SF0060380BA;130;161;0.00404605
133;0SF0060380BA;130;162;0.00630634
133;0SF0060380BA;130;163;0.05045075
133;0SF0060380BA;131;161;0.00585796
133;0SF0060380BA;131;162;0.81982470
133;0SF0060380BA;131;163;0.10090150
133;0SF0060380BA;131;164;0.00630634
133;0SF0060410BA;128;156;0.00073888
133;0SF0060410BA;128;158;0.00036950
133;0SF0060410BA;129;156;0.02253989
133;0SF0060410BA;129;158;0.00110851
133;0SF0060410BA;129;159;0.00295604
133;0SF0060410BA;129;160;0.00121023
133;0SF0060410BA;129;161;0.00718957
133;0SF0060410BA;130;154;0.00073901
133;0SF0060410BA;130;155;0.00332554
133;0SF0060410BA;130;159;0.03261483
133;0SF0060410BA;130;160;0.08854155
133;0SF0060410BA;130;161;0.01301737
133;0SF0060410BA;131;149;0.00073901
133;0SF0060410BA;131;157;0.30000000
133;0SF0060410BA;131;158;0.05237811
133;0SF0060410BA;131;159;0.03273620
133;0SF0060410BA;131;160;0.10328246
133;0SF0060410BA;131;161;0.05448995
133;0SF0060410BA;132;156;0.00036950
133;0SF0060410BA;132;157;0.01114691
133;0SF0060410BA;132;158;0.01806973
133;0SF0060410BA;133;156;0.01843915
133;0SF0060410BA;133;157;0.03260142
133;0SF0060410BA;134;154;0.00036950
133;0SF0060410BA;134;155;0.04062238
133;0SF0060410BA;134;156;0.04502775
133;0SF0060410BA;134;157;0.00035020
133;0SF0060410BA;135;152;0.00036950
133;0SF0060410BA;135;154;0.00184752
133;0SF0060410BA;135;155;0.08590389
133;0SF0060410BA;135;156;0.00306125
133;0SF0060410BA;136;154;0.00221703
133;0SF0060410BA;136;155;0.02162761
133;0SF0060430BA;136;153;0.00140562
133;0SF0060430BA;136;154;0.01129978
133;0SF0060430BA;137;153;0.04076305
133;0SF0060430BA;137;154;0.00275644
133;0SF0060430BA;138;150;0.00140562
133;0SF0060430BA;138;151;0.00421687
133;0SF0060430BA;138;152;0.01124498
133;0SF0060430BA;138;153;0.00702811
133;0SF0060430BA;139;151;0.00140562
133;0SF0060430BA;139;152;0.01265060
133;0SF0060430BA;139;153;0.02670683
133;0SF0060430BA;140;148;0.01967871
133;0SF0060430BA;140;149;0.05022788
133;0SF0060430BA;140;150;0.02189892
133;0SF0060430BA;140;151;0.00535135
133;0SF0060430BA;140;152;0.05303545
133;0SF0060430BA;141;149;0.00137115
133;0SF0060430BA;141;150;0.01124498
133;0SF0060430BA;141;151;0.03025537
133;0SF0060430BA;141;152;0.03927454
133;0SF0060430BA;141;153;0.02426813
133;0SF0060430BA;141;154;0.02586695
133;0SF0060430BA;142;148;0.01075276
133;0SF0060430BA;142;149;0.02254236
133;0SF0060430BA;142;150;0.06222650
133;0SF0060430BA;142;151;0.12671913
133;0SF0060430BA;142;152;0.02763054
133;0SF0060430BA;142;153;0.04967873
133;0SF0060430BA;143;149;0.01027918
133;0SF0060430BA;143;150;0.00624989
133;0SF0060430BA;143;151;0.00466031
133;0SF0060430BA;143;152;0.00562249
133;0SF0060430BA;144;148;0.01405622
133;0SF0060430BA;146;145;0.00140562
133;0SF0060430BA;146;146;0.00281124
133;0SF0060430BA;147;145;0.00984090
133;0SF0060430BA;147;146;0.00140408
133;0SF0060430BA;148;142;0.02108434
133;0SF0060430BA;148;143;0.10000000
133;0SF0060430BA;148;144;0.10281124
133;0SF0060430BA;149;141;0.01124498
133;0SF0060430BA;149;142;0.00562249
133;0SF0060480BA;133;172;0.00510018
133;0SF0060480BA;134;171;0.02611641
133;0SF0060480BA;134;172;0.06890124
133;0SF0060480BA;134;173;0.02881266
133;0SF0060480BA;135;171;0.00521305
133;0SF0060480BA;135;172;0.00356136
133;0SF0060480BA;135;173;0.25261953
133;0SF0060480BA;136;170;0.00279645
133;0SF0060480BA;136;171;0.00097147
133;0SF0060480BA;136;174;0.00170645
133;0SF0060480BA;136;175;0.00865182
133;0SF0060480BA;137;170;0.02142941
133;0SF0060480BA;137;171;0.18901033
133;0SF0060480BA;137;174;0.00292082
133;0SF0060480BA;137;175;0.09530355
133;0SF0060480BA;137;176;0.00127504
133;0SF0060480BA;138;175;0.06120218
133;0SF0060480BA;138;176;0.03187614
133;0SF0060480BA;138;177;0.00127504
133;0SF0060480BA;139;175;0.00765027
133;0SF0060480BA;139;176;0.12367565
133;0SF0060480BA;140;176;0.03315495
133;0SF0060480BA;140;177;0.01657559
133;0SF0060480BA;141;176;0.00127504
133;0SF0060480BA;142;175;0.00382514
133;0SF0060480BA;143;175;0.00510018
133;0SF0060490BA;121;180;0.00152218
133;0SF0060490BA;121;181;0.00795571
133;0SF0060490BA;122;180;0.02261726
133;0SF0060490BA;122;181;0.00567344
133;0SF0060490BA;122;182;0.00152218
133;0SF0060490BA;122;184;0.00152218
133;0SF0060490BA;122;185;0.00304435
133;0SF0060490BA;123;179;0.00456653
133;0SF0060490BA;123;180;0.00630411
133;0SF0060490BA;123;181;0.00304435
133;0SF0060490BA;123;182;0.00761089
133;0SF0060490BA;123;183;0.05571864
133;0SF0060490BA;123;184;0.02495676
133;0SF0060490BA;124;178;0.01939281
133;0SF0060490BA;124;179;0.08838056
133;0SF0060490BA;124;180;0.07862617
133;0SF0060490BA;124;181;0.14449259
133;0SF0060490BA;124;182;0.10253446
133;0SF0060490BA;124;183;0.01217742
133;0SF0060490BA;125;176;0.00585374
133;0SF0060490BA;125;177;0.01090970
133;0SF0060490BA;125;178;0.01313849
133;0SF0060490BA;125;179;0.04957199
133;0SF0060490BA;125;180;0.05383502
133;0SF0060490BA;125;181;0.04648773
133;0SF0060490BA;125;182;0.02154413
133;0SF0060490BA;126;175;0.00906217
133;0SF0060490BA;126;176;0.09185047
133;0SF0060490BA;126;177;0.02236423
133;0SF0060490BA;126;182;0.00456653
133;0SF0060490BA;127;175;0.02357072
133;0SF0060490BA;127;176;0.00382847
133;0SF0060490BA;128;180;0.00152218
133;0SF0060490BA;129;172;0.00152218
133;0SF0060490BA;129;178;0.00456653
133;0SF0060490BA;129;179;0.00152218
133;0SF0060490BA;130;175;0.00456653
133;0SF0060490BA;130;176;0.01404630
133;0SF0060490BA;130;177;0.02400813
133;0SS006013IMP;273;26;0.11227866
133;0SS006013IMP;275;44;0.07368407
133;0SS006013IMP;283;29;0.22455731
133;0SS006013IMP;284;37;0.07368407
133;0SS006013IMP;285;31;0.01052930
133;0SS006013IMP;286;35;0.01052930
133;0SS006013IMP;286;38;0.01754334
133;0SS006013IMP;287;28;0.01052930
133;0SS006013IMP;287;30;0.16139903
133;0SS006013IMP;290;27;0.17192834
133;0SS006013IMP;301;30;0.11227866
133;0SS006013IMP;305;30;0.02105861
133;0SS0060330SC;258;55;0.00560897
133;0SS0060330SC;259;60;0.03787041
133;0SS0060330SC;261;57;0.00309723
133;0SS0060330SC;261;58;0.01682692
133;0SS0060330SC;261;59;0.06238415
133;0SS0060330SC;261;60;0.00237161
133;0SS0060330SC;262;56;0.00225449
133;0SS0060330SC;262;57;0.02047536
133;0SS0060330SC;262;58;0.01680112
133;0SS0060330SC;262;59;0.00112179
133;0SS0060330SC;262;60;0.01275570
133;0SS0060330SC;262;61;0.00968019
133;0SS0060330SC;263;56;0.03077733
133;0SS0060330SC;263;57;0.06226473
133;0SS0060330SC;263;58;0.00336538
133;0SS0060330SC;263;60;0.00112179
133;0SS0060330SC;263;61;0.00112179
133;0SS0060330SC;264;56;0.00175472
133;0SS0060330SC;264;57;0.00279937
133;0SS0060330SC;265;54;0.00265742
133;0SS0060330SC;265;55;0.02112206
133;0SS0060330SC;265;56;0.00314360
133;0SS0060330SC;265;57;0.08809204
133;0SS0060330SC;266;55;0.02892501
133;0SS0060330SC;266;56;0.00248524
133;0SS0060330SC;267;53;0.00336538
133;0SS0060330SC;267;54;0.01096045
133;0SS0060330SC;267;55;0.00256061
133;0SS0060330SC;267;56;0.02019231
133;0SS0060330SC;268;54;0.01403366
133;0SS0060330SC;268;55;0.01682692
133;0SS0060330SC;269;54;0.01763117
133;0SS0060330SC;269;55;0.06025191
133;0SS0060330SC;270;50;0.00013570
133;0SS0060330SC;270;51;0.00322968
133;0SS0060330SC;270;53;0.01158417
133;0SS0060330SC;270;54;0.21988271
133;0SS0060330SC;270;55;0.12189216
133;0SS0060330SC;271;52;0.00224359
133;0SS0060330SC;271;53;0.00748634
133;0SS0060330SC;272;48;0.00224359
133;0SS0060330SC;272;51;0.00112179
133;0SS0060330SC;273;50;0.00112179
133;0SS0060330SC;273;51;0.00336538
133;0SS0060330SC;275;54;0.03787041
133;0SS0060330SC;276;50;0.00112179
133;0SV006004BUT;142;216;0.01219512
133;0SV006004BUT;142;217;0.00003727
133;0SV006004BUT;143;215;0.01219512
133;0SV006004BUT;143;216;0.02439024
133;0SV006004BUT;143;217;0.03959687
133;0SV006004BUT;143;218;0.09227637
133;0SV006004BUT;144;215;0.33807520
133;0SV006004BUT;144;216;0.00609756
133;0SV006004BUT;144;217;0.25304878
133;0SV006004BUT;144;218;0.00833339
133;0SV006004BUT;145;215;0.06741260
133;0SV006004BUT;146;205;0.00304878
133;0SV006004BUT;146;207;0.00914634
133;0SV006004BUT;146;209;0.00304878
133;0SV006004BUT;146;213;0.02439024
133;0SV006004BUT;147;205;0.01522788
133;0SV006004BUT;147;206;0.01221114
133;0SV006004BUT;148;216;0.00193642
133;0SV006004BUT;149;208;0.00895082
133;0SV006004BUT;149;209;0.03632618
133;0SV006004BUT;149;210;0.00304878
133;0SV006004BUT;149;216;0.00111236
133;0SV006004BUT;149;217;0.00304878
133;0SV006004BUT;150;208;0.00324430
133;0SV006004BUT;150;209;0.01245431
133;0SV006004BUT;150;210;0.00609756
133;0SV006004BUT;151;210;0.00304878
133;0SV006006COL;136;203;0.30000000
133;0SV006006COL;140;194;0.70000000
133;0SV006011GLE;136;210;0.17500000
133;0SV006011GLE;136;212;0.30000000
133;0SV006011GLE;136;213;0.04375000
133;0SV006011GLE;136;216;0.14236557
133;0SV006011GLE;137;216;0.07638443
133;0SV006011GLE;140;213;0.04375000
133;0SV006011GLE;140;216;0.17500000
133;0SV006011GLE;141;207;0.04375000
133;0SV006031PLA;153;194;0.00568182
133;0SV006031PLA;154;188;0.00896020
133;0SV006031PLA;154;189;0.00808526
133;0SV006031PLA;154;190;0.02110389
133;0SV006031PLA;154;191;0.13049753
133;0SV006031PLA;154;193;0.09659091
133;0SV006031PLA;155;188;0.05009576
133;0SV006031PLA;155;189;0.07490424
133;0SV006031PLA;155;190;0.05294404
133;0SV006031PLA;155;191;0.05681818
133;0SV006031PLA;155;193;0.07386364
133;0SV006031PLA;156;190;0.09058218
133;0SV006031PLA;156;191;0.05714509
133;0SV006031PLA;157;191;0.06250000
133;0SV006031PLA;158;192;0.02272727
133;0SV006031PLA;158;193;0.00568182
133;0SV006031PLA;159;192;0.00584472
133;0SV006031PLA;159;193;0.05665528
133;0SV006031PLA;159;194;0.04545455
133;0SV006031PLA;159;195;0.00568182
133;0SV006031PLA;160;193;0.05189937
133;0SV006031PLA;160;194;0.01628245
133;0SV006034SAC;148;173;0.00110236
133;0SV006034SAC;148;187;0.03094126
133;0SV006034SAC;149;178;0.00110236
133;0SV006034SAC;149;182;0.00037691
133;0SV006034SAC;149;183;0.00035799
133;0SV006034SAC;150;175;0.00183727
133;0SV006034SAC;150;176;0.00036745
133;0SV006034SAC;150;182;0.00073491
133;0SV006034SAC;150;183;0.00514588
133;0SV006034SAC;150;184;0.01102362
133;0SV006034SAC;150;185;0.26919834
133;0SV006034SAC;150;186;0.00752128
133;0SV006034SAC;150;187;0.00035458
133;0SV006034SAC;151;180;0.00146982
133;0SV006034SAC;151;181;0.00007853
133;0SV006034SAC;151;182;0.01602557
133;0SV006034SAC;151;183;0.02431853
133;0SV006034SAC;151;184;0.01955519
133;0SV006034SAC;151;185;0.05383825
133;0SV006034SAC;151;186;0.07557012
133;0SV006034SAC;151;187;0.00236620
133;0SV006034SAC;152;180;0.00073491
133;0SV006034SAC;152;181;0.00104441
133;0SV006034SAC;152;182;0.00858108
133;0SV006034SAC;152;183;0.04074365
133;0SV006034SAC;152;184;0.00734359
133;0SV006034SAC;152;185;0.03236653
133;0SV006034SAC;152;186;0.03214042
133;0SV006034SAC;152;187;0.01056583
133;0SV006034SAC;152;188;0.00257218
133;0SV006034SAC;153;179;0.01268124
133;0SV006034SAC;153;180;0.00863110
133;0SV006034SAC;153;181;0.00146982
133;0SV006034SAC;153;182;0.03214408
133;0SV006034SAC;153;183;0.06887915
133;0SV006034SAC;153;184;0.00110236
133;0SV006034SAC;153;185;0.00259265
133;0SV006034SAC;153;186;0.02834793
133;0SV006034SAC;153;187;0.01960271
133;0SV006034SAC;153;188;0.00183727
133;0SV006034SAC;154;176;0.00514436
133;0SV006034SAC;154;177;0.00073491
133;0SV006034SAC;154;182;0.00036745
133;0SV006034SAC;154;183;0.00253999
133;0SV006034SAC;154;184;0.02552260
133;0SV006034SAC;154;185;0.00146982
133;0SV006034SAC;154;186;0.00216527
133;0SV006034SAC;154;187;0.00577170
133;0SV006034SAC;154;188;0.01466079
133;0SV006034SAC;155;175;0.00036745
133;0SV006034SAC;155;176;0.00073491
133;0SV006034SAC;155;179;0.00036745
133;0SV006034SAC;155;180;0.00073491
133;0SV006034SAC;155;184;0.00916524
133;0SV006034SAC;155;185;0.04857420
133;0SV006034SAC;155;186;0.00061070
133;0SV006034SAC;155;187;0.00110236
133;0SV006034SAC;155;188;0.00110236
133;0SV006034SAC;156;179;0.00036745
133;0SV006034SAC;156;184;0.01697391
133;0SV006034SAC;156;185;0.01692419
133;0SV006034SAC;156;186;0.00036745
133;0SV006034SAC;156;187;0.00146982
133;0SV006034SAC;157;178;0.00073491
133;0SV006034SAC;157;184;0.00205137
133;0SV006034SAC;157;186;0.00073491
133;0SV006034SAC;157;187;0.00073491
133;0SV006034SAC;158;177;0.00013404
133;0SV006034SAC;158;178;0.00023341
133;0SV006034SAC;158;186;0.00073491
133;0SV006034SAC;158;187;0.00036745
133;0SV006034SAC;159;182;0.00036745
133;0SV006045SHA;122;233;0.01590909
133;0SV006045SHA;128;242;0.03181818
133;0SV006045SHA;129;241;0.00253601
133;0SV006045SHA;131;236;0.01590909
133;0SV006045SHA;131;239;0.01590909
133;0SV006045SHA;132;239;0.01590909
133;0SV006045SHA;133;236;0.01590909
133;0SV006045SHA;133;237;0.01590909
133;0SV006045SHA;133;238;0.03365606
133;0SV006045SHA;133;239;0.07954545
133;0SV006045SHA;133;240;0.01590909
133;0SV006045SHA;133;241;0.06363636
133;0SV006045SHA;133;242;0.03181818
133;0SV006045SHA;133;248;0.02704256
133;0SV006045SHA;134;236;0.01590909
133;0SV006045SHA;134;237;0.16647639
133;0SV006045SHA;134;238;0.03745100
133;0SV006045SHA;134;239;0.04209445
133;0SV006045SHA;134;241;0.01590909
133;0SV006045SHA;134;242;0.01590909
133;0SV006045SHA;134;244;0.02704256
133;0SV006045SHA;135;234;0.01590909
133;0SV006045SHA;135;235;0.03181818
133;0SV006045SHA;135;239;0.01590909
133;0SV006045SHA;135;254;0.02704256
133;0SV006045SHA;136;240;0.01590909
133;0SV006045SHA;136;242;0.01590909
133;0SV006045SHA;140;241;0.01590909
133;0SV006045SHA;143;236;0.01590909
133;0SV006045SHA;143;240;0.01590909
133;0SV006045SHA;143;246;0.02704256
133;0SV006045SHA;143;250;0.01590909
133;0SV006045SHA;144;237;0.00507040
133;0SV006045SHA;148;247;0.03181818
133;0SV006045SHA;151;245;0.01590909
133;0SV006045SHA;153;250;0.01590909
133;0SV006045SHA;153;251;0.01590909
133;0SV0060480YS;140;178;0.02722313
133;0SV0060480YS;140;179;0.06203704
133;0SV0060480YS;140;180;0.00290330
133;0SV0060480YS;141;178;0.06960998
133;0SV0060480YS;141;179;0.07412703
133;0SV0060480YS;141;180;0.12761830
133;0SV0060480YS;141;183;0.00003296
133;0SV0060480YS;142;178;0.01160167
133;0SV0060480YS;142;179;0.00386722
133;0SV0060480YS;142;180;0.01546889
133;0SV0060480YS;143;180;0.00073524
133;0SV0060480YS;143;181;0.05600781
133;0SV0060480YS;144;180;0.00313198
133;0SV0060480YS;144;181;0.10787029
133;0SV0060480YS;144;182;0.34108462
133;0SV0060480YS;145;174;0.02320333
133;0SV0060480YS;146;173;0.06187086
133;0SV0060480YS;146;174;0.00387190
133;0SV0060480YS;147;176;0.00773444
133;0SV0060510FR;147;200;1.00000000
133;0SV006052TEH;135;227;0.04011112
133;0SV006052TEH;135;228;0.05338983
133;0SV006052TEH;135;230;0.03042841
133;0SV006052TEH;135;233;0.00878573
133;0SV006052TEH;136;220;0.24222186
133;0SV006052TEH;136;221;0.01901997
133;0SV006052TEH;136;222;0.03042841
133;0SV006052TEH;136;226;0.00034356
133;0SV006052TEH;136;227;0.13785498
133;0SV006052TEH;136;228;0.08305085
133;0SV006052TEH;137;220;0.00083068
133;0SV006052TEH;137;221;0.18184426
133;0SV006052TEH;137;222;0.01186440
133;0SV006052TEH;137;224;0.01186440
133;0SV006052TEH;137;225;0.01186440
133;0SV006052TEH;137;226;0.00558865
133;0SV006052TEH;137;228;0.05932203
133;0SV006052TEH;138;224;0.00593221
133;0SV006052TEH;138;225;0.01186440
133;0SV006052TEH;138;226;0.02966102
133;0SV006052TEH;138;227;0.00593221
133;0SV006052TEH;139;221;0.00593221
133;0SV006052TEH;139;223;0.00593221
133;0SV006052TEH;140;221;0.00593221
133;0SV0060570YS;137;189;0.00158018
133;0SV0060570YS;139;188;0.00868931
133;0SV0060570YS;140;183;0.01037954
133;0SV0060570YS;140;184;0.00155499
133;0SV0060570YS;140;186;0.00316036
133;0SV0060570YS;140;187;0.00002236
133;0SV0060570YS;140;188;0.00550995
133;0SV0060570YS;140;193;0.14071093
133;0SV0060570YS;140;194;0.00157354
133;0SV0060570YS;141;183;0.00227362
133;0SV0060570YS;141;184;0.00158018
133;0SV0060570YS;141;186;0.00158018
133;0SV0060570YS;141;192;0.15434553
133;0SV0060570YS;141;193;0.00316036
133;0SV0060570YS;141;194;0.00158018
133;0SV0060570YS;142;190;0.00158018
133;0SV0060570YS;143;189;0.00158018
133;0SV0060570YS;144;184;0.00158018
133;0SV0060570YS;144;187;0.01137002
133;0SV0060570YS;144;188;0.00917232
133;0SV0060570YS;144;189;0.00790091
133;0SV0060570YS;145;183;0.00632072
133;0SV0060570YS;145;184;0.00632072
133;0SV0060570YS;145;186;0.00316036
133;0SV0060570YS;145;187;0.12809126
133;0SV0060570YS;145;188;0.03624754
133;0SV0060570YS;146;183;0.00158018
133;0SV0060570YS;146;184;0.01422163
133;0SV0060570YS;146;187;0.02528289
133;0SV0060570YS;146;190;0.00316036
133;0SV0060570YS;147;184;0.00158018
133;0SV0060570YS;149;184;0.25049292
133;0SV0060570YS;149;185;0.06124836
133;0SV0060570YS;150;184;0.04983008
133;0SV0060570YS;150;185;0.04157776
133;0SV0060580FR;148;200;0.01408451
133;0SV0060580FR;148;202;0.02533678
133;0SV0060580FR;148;203;0.01221404
133;0SV0060580FR;149;195;0.00240715
133;0SV0060580FR;149;196;0.01167736
133;0SV0060580FR;149;198;0.23943662
133;0SV0060580FR;149;199;0.10236263
133;0SV0060580FR;149;200;0.24526968
133;0SV0060580FR;149;201;0.03264939
133;0SV0060580FR;149;202;0.04508575
133;0SV0060580FR;149;203;0.04403531
133;0SV0060580FR;149;204;0.02825770
133;0SV0060580FR;150;197;0.00000139
133;0SV0060580FR;150;198;0.01408451
133;0SV0060580FR;150;199;0.01408451
133;0SV0060580FR;150;200;0.01408451
133;0SV0060580FR;150;201;0.00000556
133;0SV0060580FR;150;202;0.02816346
133;0SV0060580FR;151;196;0.00052428
133;0SV0060580FR;151;197;0.02816763
133;0SV0060580FR;152;196;0.05581375
133;0SV0060580FR;153;204;0.01408451
133;0SV0060580FR;154;204;0.01404253
133;0SV0060580FR;154;205;0.00004198
133;0SV0060580FR;159;207;0.00731725
133;0SV0060580FR;159;208;0.00676726
133;GBV006002GBU;181;181;0.05384002
133;GBV006002GBU;181;187;0.00595338
133;GBV006002GBU;181;188;0.05610550
133;GBV006002GBU;182;181;0.01756580
133;GBV006002GBU;182;182;0.01945587
133;GBV006002GBU;182;187;0.07675382
133;GBV006002GBU;182;188;0.01952973
133;GBV006002GBU;183;182;0.00490428
133;GBV006002GBU;183;187;0.00731848
133;GBV006002GBU;183;188;0.10326147
133;GBV006002GBU;183;189;0.08077604
133;GBV006002GBU;183;190;0.01796596
133;GBV006002GBU;184;182;0.00078384
133;GBV006002GBU;184;183;0.00576231
133;GBV006002GBU;184;189;0.00063859
133;GBV006002GBU;184;190;0.10237322
133;GBV006002GBU;185;183;0.00401469
133;GBV006002GBU;185;184;0.00052291
133;GBV006002GBU;185;189;0.06849571
133;GBV006002GBU;185;190;0.01589632
133;GBV006002GBU;186;183;0.00310599
133;GBV006002GBU;186;184;0.00489013
133;GBV006002GBU;186;185;0.00000014
133;GBV006002GBU;186;188;0.01262782
133;GBV006002GBU;186;189;0.03051734
133;GBV006002GBU;186;190;0.08570196
133;GBV006002GBU;187;184;0.00140005
133;GBV006002GBU;187;185;0.00617151
133;GBV006002GBU;187;187;0.00678793
133;GBV006002GBU;187;188;0.00707601
133;GBV006002GBU;187;190;0.02441929
133;GBV006002GBU;187;191;0.07132291
133;GBV006002GBU;187;192;0.00023214
133;GBV006002GBU;188;185;0.00109423
133;GBV006002GBU;188;186;0.00875264
133;GBV006002GBU;188;187;0.02009430
133;GBV006002GBU;189;186;0.01066472
133;GBV006002GBU;189;187;0.01824400
133;GBV006002GBU;190;178;0.00147846
133;GBV006002GBU;190;187;0.02114553
133;GBV006002GBU;191;187;0.00235496
133;GBV006014GBU;214;153;0.02121212
133;GBV006014GBU;216;152;0.02121212
133;GBV006014GBU;217;150;0.02121212
133;GBV006014GBU;217;152;0.46666667
133;GBV006014GBU;221;137;0.02346810
133;GBV006014GBU;221;141;0.03857120
133;GBV006014GBU;222;137;0.01895614
133;GBV006014GBU;225;132;0.04242424
133;GBV006014GBU;226;124;0.02121212
133;GBV006014GBU;228;116;0.06428504
133;GBV006014GBU;229;129;0.04242424
133;GBV006014GBU;230;110;0.19714376
133;GBV006014GBU;241;111;0.02121212
133;GBV006026GBU;193;183;0.03110393
133;GBV006026GBU;193;184;0.00389607
133;GBV006026GBU;199;175;0.02566379
133;GBV006026GBU;199;176;0.11433621
133;GBV006026GBU;200;171;0.03500000
133;GBV006026GBU;201;167;0.03500000
133;GBV006026GBU;201;168;0.10500000
133;GBV006026GBU;202;163;0.03500000
133;GBV006026GBU;203;171;0.03500000
133;GBV006026GBU;204;159;0.10500000
133;GBV006026GBU;204;162;0.30000000
133;GBV006026GBU;205;159;0.07000000
133;GBV006026GBU;208;158;0.03500000
133;GBV006026GBU;217;155;0.03500000
133;GBV006026GBU;217;156;0.03500000
133;NCC006027MBU;140;131;0.01048669
133;NCC006027MBU;141;129;0.00179487
133;NCC006027MBU;141;131;0.01464151
133;NCC006027MBU;142;130;0.00907177
133;NCC006027MBU;142;131;0.13820513
133;NCC006027MBU;143;129;0.00538462
133;NCC006027MBU;143;130;0.00169746
133;NCC006027MBU;143;133;0.01076923
133;NCC006027MBU;143;134;0.00725976
133;NCC006027MBU;143;136;0.00030803
133;NCC006027MBU;143;137;0.00001735
133;NCC006027MBU;144;133;0.00717949
133;NCC006027MBU;144;134;0.00171461
133;NCC006027MBU;144;135;0.01970758
133;NCC006027MBU;144;136;0.00507658
133;NCC006027MBU;144;137;0.00177752
133;NCC006027MBU;144;138;0.00717949
133;NCC006027MBU;144;139;0.02244105
133;NCC006027MBU;145;128;0.00538462
133;NCC006027MBU;145;133;0.00179487
133;NCC006027MBU;145;135;0.01439498
133;NCC006027MBU;145;139;0.00089228
133;NCC006027MBU;146;131;0.00165645
133;NCC006027MBU;146;133;0.04219650
133;NCC006027MBU;146;134;0.00358975
133;NCC006027MBU;146;135;0.00717949
133;NCC006027MBU;146;136;0.00358975
133;NCC006027MBU;146;138;0.00179487
133;NCC006027MBU;147;131;0.00372817
133;NCC006027MBU;147;132;0.15922160
133;NCC006027MBU;147;133;0.19588972
133;NCC006027MBU;147;134;0.00179487
133;NCC006027MBU;148;131;0.00832954
133;NCC006027MBU;148;132;0.00064481
133;NCC006027MBU;149;130;0.00179487
133;NCC006027MBU;149;131;0.00538462
133;NCC006027MBU;150;131;0.00179487
133;NCC006027MBU;151;128;0.02153846
133;NCC006027MBU;151;129;0.00179487
133;NCC006027MBU;152;125;0.00179487
133;NCC006027MBU;152;127;0.00717949
133;NCC006027MBU;152;128;0.00179487
133;NCC006027MBU;152;129;0.00179487
133;NCC006027MBU;153;125;0.00179487
133;NCC006027MBU;153;126;0.00552338
133;NCC006027MBU;153;127;0.00179487
133;NCC006027MBU;154;126;0.01422021
133;NCC006027MBU;155;123;0.01256410
133;NCC006027MBU;156;123;0.00179487
133;NCC006027MBU;158;120;0.03410257
133;NCC006027MBU;158;121;0.00538462
133;NCC006027MBU;159;119;0.08192234
133;NCC006027MBU;160;118;0.00538462
133;NCC006027MBU;166;110;0.07384676
133;NCC006035MBU;149;137;0.04255319
133;NCC006035MBU;149;138;0.02127660
133;NCC006035MBU;151;138;0.04255319
133;NCC006035MBU;152;135;0.02127660
133;NCC006035MBU;152;137;0.35256984
133;NCC006035MBU;152;138;0.37414359
133;NCC006035MBU;152;139;0.10307380
133;NCC006035MBU;152;140;0.02127660
133;NCC006035MBU;153;139;0.02127660
133;NCC006044MBU;134;143;0.00495050
133;NCC006044MBU;135;142;0.00495050
133;NCC006044MBU;136;145;0.01980198
133;NCC006044MBU;137;141;0.00495050
133;NCC006044MBU;137;143;0.00990099
133;NCC006044MBU;137;144;0.00990099
133;NCC006044MBU;138;141;0.13366337
133;NCC006044MBU;138;142;0.00382295
133;NCC006044MBU;138;143;0.00990099
133;NCC006044MBU;139;141;0.10891089
133;NCC006044MBU;139;142;0.00112754
133;NCC006044MBU;139;143;0.05445545
133;NCC006044MBU;140;141;0.16336634
133;NCC006044MBU;140;142;0.00495050
133;NCC006044MBU;141;141;0.07425743
133;NCC006044MBU;141;145;0.00495050
133;NCC006044MBU;142;140;0.00495050
133;NCC006044MBU;143;139;0.00495050
133;NCC006044MBU;143;140;0.02257294
133;NCC006044MBU;143;141;0.01246284
133;NCC006044MBU;144;139;0.26237624
133;NCC006044MBU;144;140;0.06302062
133;NCC006044MBU;144;141;0.00095350
133;NCC006044MBU;145;140;0.00990099
133;NCC006044MBU;145;141;0.00495050
133;NEP006018LAS;159;238;0.23255398
133;NEP006018LAS;172;230;0.74418853
133;NEP006018LAS;176;240;0.02325749
133;NEP006025MOD;152;275;0.01519552
133;NEP006025MOD;153;272;0.07432487
133;NEP006025MOD;153;273;0.01858122
133;NEP006025MOD;153;275;0.01858122
133;NEP006025MOD;154;273;0.19438532
133;NEP006025MOD;154;274;0.17723902
133;NEP006025MOD;155;274;0.01858122
133;NEP006025MOD;162;255;0.09161470
133;NEP006025MOD;163;255;0.01987260
133;NEP006025MOD;170;263;0.03716243
133;NEP006025MOD;171;256;0.01858122
133;NEP006025MOD;171;263;0.20439338
133;NEP006025MOD;178;264;0.11148730
133;NEP006047SIS;128;269;0.04489739
133;NEP006047SIS;129;269;0.11224348
133;NEP006047SIS;129;277;0.02244870
133;NEP006047SIS;130;271;0.04137918
133;NEP006047SIS;130;273;0.04137918
133;NEP006047SIS;130;275;0.00388047
133;NEP006047SIS;131;269;0.02244870
133;NEP006047SIS;131;270;0.06734609
133;NEP006047SIS;132;263;0.08275835
133;NEP006047SIS;133;261;0.08534318
133;NEP006047SIS;134;259;0.02244870
133;NEP006047SIS;134;260;0.02244870
133;NEP006047SIS;135;257;0.00388047
133;NEP006047SIS;138;267;0.04137918
133;NEP006047SIS;141;271;0.02244870
133;NEP006047SIS;141;272;0.15714088
133;NEP006047SIS;150;276;0.02244870
133;NEP006047SIS;151;277;0.02244870
133;NEP006047SIS;152;275;0.13878258
133;NEP006047SIS;152;276;0.02244870
133;SCC006040SLO;158;102;0.00196629
133;SCC006040SLO;158;103;0.00589888
133;SCC006040SLO;159;102;0.00008755
133;SCC006040SLO;159;103;0.00187874
133;SCC006040SLO;162;109;0.00196629
133;SCC006040SLO;163;98;0.00988727
133;SCC006040SLO;163;99;0.00196629
133;SCC006040SLO;163;107;0.00196629
133;SCC006040SLO;164;96;0.00589888
133;SCC006040SLO;164;97;0.01966292
133;SCC006040SLO;164;98;0.01097198
133;SCC006040SLO;164;99;0.00076996
133;SCC006040SLO;164;109;0.00196629
133;SCC006040SLO;166;92;0.00196629
133;SCC006040SLO;167;94;0.00393259
133;SCC006040SLO;167;101;0.00196629
133;SCC006040SLO;167;102;0.00196629
133;SCC006040SLO;167;103;0.00983146
133;SCC006040SLO;167;104;0.04201015
133;SCC006040SLO;167;105;0.00786517
133;SCC006040SLO;167;106;0.20679501
133;SCC006040SLO;167;107;0.00196629
133;SCC006040SLO;167;108;0.01376404
133;SCC006040SLO;168;91;0.00589888
133;SCC006040SLO;168;93;0.00062527
133;SCC006040SLO;168;94;0.21516049
133;SCC006040SLO;168;95;0.05315401
133;SCC006040SLO;168;100;0.00786517
133;SCC006040SLO;168;101;0.01376404
133;SCC006040SLO;168;104;0.00518086
133;SCC006040SLO;168;105;0.03783249
133;SCC006040SLO;168;106;0.00149334
133;SCC006040SLO;169;90;0.11994382
133;SCC006040SLO;169;91;0.00786517
133;SCC006040SLO;169;94;0.00044225
133;SCC006040SLO;169;98;0.01769663
133;SCC006040SLO;169;105;0.00196629
133;SCC006040SLO;169;106;0.00393259
133;SCC006040SLO;170;87;0.00196629
133;SCC006040SLO;170;88;0.00786517
133;SCC006040SLO;170;89;0.00196629
133;SCC006040SLO;170;90;0.00786517
133;SCC006040SLO;170;101;0.00393259
133;SCC006040SLO;170;102;0.00196629
133;SCC006040SLO;171;89;0.00196629
133;SCC006040SLO;171;101;0.00233960
133;SCC006040SLO;171;102;0.00159298
133;SCC006040SLO;172;88;0.00786517
133;SCC006040SLO;173;87;0.00589888
133;SCC006040SLO;174;105;0.00196629
133;SCC006040SLO;175;105;0.09713757
133;SCC006040SLO;175;106;0.00196629
133;SCC006040SLO;176;107;0.00196629
133;SCC006040SLO;193;85;0.00196629
133;SCC0060420SB;170;85;0.00232945
133;SCC0060420SB;170;86;0.01397670
133;SCC0060420SB;171;85;0.00113074
133;SCC0060420SB;172;77;0.03186802
133;SCC0060420SB;172;78;0.01038176
133;SCC0060420SB;172;79;0.00232945
133;SCC0060420SB;172;84;0.00116472
133;SCC0060420SB;172;85;0.08621299
133;SCC0060420SB;172;86;0.01684712
133;SCC0060420SB;173;77;0.03219188
133;SCC0060420SB;173;78;0.00010077
133;SCC0060420SB;173;83;0.00815307
133;SCC0060420SB;173;84;0.00324117
133;SCC0060420SB;173;85;0.06790555
133;SCC0060420SB;173;86;0.10078043
133;SCC0060420SB;173;87;0.00093387
133;SCC0060420SB;174;85;0.00698835
133;SCC0060420SB;174;86;0.00481168
133;SCC0060420SB;176;80;0.00218884
133;SCC0060420SB;176;83;0.00116472
133;SCC0060420SB;176;84;0.00232945
133;SCC0060420SB;177;80;0.00130533
133;SCC0060420SB;178;73;0.30116472
133;SCC0060420SB;178;76;0.01626484
133;SCC0060420SB;178;77;0.00856969
133;SCC0060420SB;179;76;0.00217311
133;SCC0060420SB;179;77;0.01259303
133;SCC0060420SB;180;76;0.00232945
133;SCC0060420SB;181;77;0.00349418
133;SCC0060420SB;185;72;0.00465890
133;SCC0060420SB;186;71;0.00470910
133;SCC0060420SB;186;72;0.01392651
133;SCC0060420SB;187;71;0.00232945
133;SCC0060420SB;187;72;0.04309484
133;SCC0060420SB;188;72;0.00582363
133;SCC0060420SB;189;71;0.00815307
133;SCC0060420SB;189;72;0.00582363
133;SCC0060420SB;190;71;0.13202928
133;SCC0060420SB;190;72;0.00307888
133;SCC0060420SB;190;86;0.00116472
133;SCC0060420SB;191;71;0.00232945
133;SCC0060420SB;191;85;0.00232945
133;SCC0060420SB;192;71;0.00232945
133;SCC0060420SB;193;71;0.00116472
133;SCC0060420SB;194;70;0.00434954
133;SCC0060420SB;194;71;0.01778024
133;SCC006056VEN;199;67;0.00300947
133;SCC006056VEN;199;68;0.03453843
133;SCC006056VEN;199;69;0.00804597
133;SCC006056VEN;199;71;0.00804597
133;SCC006056VEN;200;65;0.00211762
133;SCC006056VEN;200;66;0.00072143
133;SCC006056VEN;200;67;0.06901037
133;SCC006056VEN;200;72;0.01340996
133;SCC006056VEN;201;64;0.00566854
133;SCC006056VEN;201;65;0.02939416
133;SCC006056VEN;201;66;0.01072797
133;SCC006056VEN;201;67;0.03218391
133;SCC006056VEN;202;64;0.00774143
133;SCC006056VEN;202;65;0.09210431
133;SCC006056VEN;202;66;0.03192403
133;SCC006056VEN;202;67;0.01877394
133;SCC006056VEN;202;68;0.02145594
133;SCC006056VEN;202;69;0.00001700
133;SCC006056VEN;203;64;0.00268199
133;SCC006056VEN;203;65;0.00269743
133;SCC006056VEN;203;66;0.01072797
133;SCC006056VEN;203;69;0.02680292
133;SCC006056VEN;204;66;0.00804597
133;SCC006056VEN;204;69;0.00268199
133;SCC006056VEN;204;70;0.26013845
133;SCC006056VEN;205;66;0.03218391
133;SCC006056VEN;205;67;0.00268199
133;SCC006056VEN;206;66;0.06668148
133;SCC006056VEN;207;65;0.09118774
133;SCC006056VEN;207;71;0.01340996
133;SCC006056VEN;208;65;0.00268199
133;SCC006056VEN;208;68;0.02145594
133;SCC006056VEN;209;64;0.00000553
133;SCC006056VEN;209;65;0.01876842
133;SCC006056VEN;210;64;0.00268199
133;SCC006056VEN;210;68;0.01877394
133;SCC006056VEN;210;71;0.00268199
133;SCC006056VEN;211;67;0.00536399
133;SCC006056VEN;212;68;0.01877394
133;SJV006010SJU;168;137;0.00082098
133;SJV006010SJU;169;135;0.00027366
133;SJV006010SJU;169;136;0.00027366
133;SJV006010SJU;170;137;0.00014158
133;SJV006010SJU;170;138;0.00013208
133;SJV006010SJU;170;139;0.00025339
133;SJV006010SJU;171;139;0.00002026
133;SJV006010SJU;172;133;0.00027366
133;SJV006010SJU;172;134;0.00027366
133;SJV006010SJU;172;137;0.00126781
133;SJV006010SJU;172;138;0.00405975
133;SJV006010SJU;173;136;0.00109464
133;SJV006010SJU;173;137;0.00123606
133;SJV006010SJU;173;138;0.00027789
133;SJV006010SJU;174;118;0.00519954
133;SJV006010SJU;174;119;0.00054732
133;SJV006010SJU;174;126;0.00054732
133;SJV006010SJU;174;130;0.00027366
133;SJV006010SJU;174;135;0.00492589
133;SJV006010SJU;175;118;0.00629418
133;SJV006010SJU;175;119;0.00027366
133;SJV006010SJU;177;129;0.00001051
133;SJV006010SJU;177;132;0.00082098
133;SJV006010SJU;178;118;0.00006131
133;SJV006010SJU;178;119;0.00021234
133;SJV006010SJU;178;129;0.00026315
133;SJV006010SJU;178;131;0.00435987
133;SJV006010SJU;179;118;0.00027366
133;SJV006010SJU;179;124;0.00027366
133;SJV006010SJU;179;131;0.00001870
133;SJV006010SJU;180;117;0.17454615
133;SJV006010SJU;180;120;0.00392262
133;SJV006010SJU;180;126;0.00164196
133;SJV006010SJU;181;120;0.00045593
133;SJV006010SJU;181;124;0.00027366
133;SJV006010SJU;181;126;0.00027366
133;SJV006010SJU;181;131;0.00027366
133;SJV006010SJU;181;134;0.00465222
133;SJV006010SJU;181;135;0.00027366
133;SJV006010SJU;182;118;0.00027366
133;SJV006010SJU;182;119;0.00027366
133;SJV006010SJU;182;135;0.00025983
133;SJV006010SJU;182;136;0.00192945
133;SJV006010SJU;183;134;0.00054732
133;SJV006010SJU;183;136;0.00054732
133;SJV006010SJU;184;136;0.00082098
133;SJV006010SJU;184;137;0.00109464
133;SJV006010SJU;185;126;0.00110323
133;SJV006010SJU;185;130;0.00027366
133;SJV006010SJU;185;132;0.00027366
133;SJV006010SJU;185;133;0.00027366
133;SJV006010SJU;185;134;0.00055266
133;SJV006010SJU;185;135;0.00247688
133;SJV006010SJU;185;136;0.07876630
133;SJV006010SJU;185;137;0.01432192
133;SJV006010SJU;186;126;0.00081238
133;SJV006010SJU;186;129;0.00218928
133;SJV006010SJU;186;130;0.00027366
133;SJV006010SJU;186;134;0.00769467
133;SJV006010SJU;186;135;0.03071739
133;SJV006010SJU;186;136;0.02820242
133;SJV006010SJU;186;137;0.00301026
133;SJV006010SJU;187;128;0.00027366
133;SJV006010SJU;187;129;0.00027366
133;SJV006010SJU;187;131;0.00027366
133;SJV006010SJU;187;132;0.00027366
133;SJV006010SJU;187;133;0.01748121
133;SJV006010SJU;187;134;0.08530325
133;SJV006010SJU;187;135;0.02616573
133;SJV006010SJU;187;136;0.00328392
133;SJV006010SJU;187;137;0.01067275
133;SJV006010SJU;187;138;0.00082098
133;SJV006010SJU;188;129;0.00042335
133;SJV006010SJU;188;130;0.00027366
133;SJV006010SJU;188;131;0.00082098
133;SJV006010SJU;188;132;0.00064417
133;SJV006010SJU;188;133;0.16715086
133;SJV006010SJU;188;134;0.01899466
133;SJV006010SJU;188;135;0.03147091
133;SJV006010SJU;188;136;0.01669327
133;SJV006010SJU;188;137;0.00027366
133;SJV006010SJU;188;138;0.00109464
133;SJV006010SJU;188;139;0.00027366
133;SJV006010SJU;189;126;0.00027366
133;SJV006010SJU;189;129;0.00094495
133;SJV006010SJU;189;130;0.00027366
133;SJV006010SJU;189;131;0.00131662
133;SJV006010SJU;189;132;0.01147275
133;SJV006010SJU;189;133;0.00327439
133;SJV006010SJU;189;134;0.00112500
133;SJV006010SJU;189;135;0.06113780
133;SJV006010SJU;189;136;0.04180667
133;SJV006010SJU;189;137;0.03060168
133;SJV006010SJU;189;141;0.00027366
133;SJV006010SJU;190;129;0.00027366
133;SJV006010SJU;190;130;0.00080300
133;SJV006010SJU;190;131;0.00717843
133;SJV006010SJU;190;133;0.00082445
133;SJV006010SJU;190;134;0.00082098
133;SJV006010SJU;190;135;0.00027366
133;SJV006010SJU;190;137;0.00027366
133;SJV006010SJU;191;127;0.00027366
133;SJV006010SJU;191;129;0.00086575
133;SJV006010SJU;191;130;0.00625581
133;SJV006010SJU;191;131;0.00027366
133;SJV006010SJU;191;132;0.00218928
133;SJV006010SJU;191;133;0.00118870
133;SJV006010SJU;191;134;0.00063742
133;SJV006010SJU;191;135;0.00082098
133;SJV006010SJU;192;128;0.00298759
133;SJV006010SJU;192;129;0.00410490
133;SJV006010SJU;192;131;0.00109464
133;SJV006010SJU;192;132;0.00027366
133;SJV006010SJU;192;133;0.00573196
133;SJV006010SJU;192;134;0.00338831
133;SJV006010SJU;192;135;0.00082098
133;SJV006010SJU;193;129;0.00027366
133;SJV006010SJU;193;130;0.00027366
133;SJV006010SJU;193;131;0.00174399
133;SJV006010SJU;193;132;0.00027366
133;SJV006010SJU;193;134;0.00027366
133;SJV006010SJU;193;135;0.00027366
133;SJV006010SJU;193;143;0.00054732
133;SJV006010SJU;193;144;0.00054732
133;SJV006010SJU;194;130;0.00054732
133;SJV006010SJU;194;131;0.00808060
133;SJV006010SJU;194;132;0.00027366
133;SJV006010SJU;195;130;0.00426647
133;SJV006010SJU;195;131;0.00314953
133;SJV006010SJU;195;136;0.00027366
133;SJV006010SJU;195;142;0.00027366
133;SJV006010SJU;196;130;0.00054732
133;SJV006010SJU;196;131;0.00054732
133;SJV006010SJU;196;132;0.00082098
133;SJV006010SJU;197;130;0.00027366
133;SJV006010SJU;197;131;0.00174693
133;SJV006010SJU;197;132;0.00000346
133;SJV006010SJU;198;131;0.00016523
133;SJV006010SJU;202;133;0.00027366
133;SJV006015SJU;183;105;0.00241657
133;SJV006015SJU;183;108;0.00080552
133;SJV006015SJU;185;104;0.00074668
133;SJV006015SJU;185;105;0.00166989
133;SJV006015SJU;185;108;0.00080552
133;SJV006015SJU;187;103;0.00080552
133;SJV006015SJU;188;102;0.00080552
133;SJV006015SJU;189;104;0.00402762
133;SJV006015SJU;190;104;0.01441142
133;SJV006015SJU;191;96;0.00080552
133;SJV006015SJU;193;99;0.00080552
133;SJV006015SJU;193;101;0.00080552
133;SJV006015SJU;194;98;0.00241657
133;SJV006015SJU;194;101;0.00080552
133;SJV006015SJU;194;104;0.00080552
133;SJV006015SJU;195;91;0.01351203
133;SJV006015SJU;195;92;0.00018187
133;SJV006015SJU;195;98;0.00161105
133;SJV006015SJU;195;99;0.01310651
133;SJV006015SJU;195;102;0.00241657
133;SJV006015SJU;195;103;0.00080552
133;SJV006015SJU;196;88;0.00010548
133;SJV006015SJU;196;89;0.00231109
133;SJV006015SJU;196;93;0.00161105
133;SJV006015SJU;196;98;0.03470892
133;SJV006015SJU;196;99;0.00068981
133;SJV006015SJU;197;98;0.00080552
133;SJV006015SJU;197;101;0.00080552
133;SJV006015SJU;197;102;0.00177450
133;SJV006015SJU;197;103;0.00966629
133;SJV006015SJU;197;104;0.01208285
133;SJV006015SJU;197;106;0.00080552
133;SJV006015SJU;198;89;0.00080552
133;SJV006015SJU;198;98;0.00080552
133;SJV006015SJU;198;101;0.00076187
133;SJV006015SJU;198;102;0.00149126
133;SJV006015SJU;199;91;0.00047197
133;SJV006015SJU;199;92;0.00033060
133;SJV006015SJU;199;94;0.00080552
133;SJV006015SJU;199;99;0.00161105
133;SJV006015SJU;199;100;0.00161105
133;SJV006015SJU;199;101;0.01611047
133;SJV006015SJU;199;102;0.00161105
133;SJV006015SJU;199;106;0.00322209
133;SJV006015SJU;199;107;0.00463702
133;SJV006015SJU;199;108;0.01501321
133;SJV006015SJU;199;109;0.00351383
133;SJV006015SJU;200;91;0.00044881
133;SJV006015SJU;200;92;0.00035967
133;SJV006015SJU;200;97;0.00080552
133;SJV006015SJU;200;98;0.00080552
133;SJV006015SJU;200;99;0.00230540
133;SJV006015SJU;200;100;0.00157625
133;SJV006015SJU;200;101;0.00080552
133;SJV006015SJU;200;102;0.00080552
133;SJV006015SJU;200;103;0.00322209
133;SJV006015SJU;200;104;0.00241657
133;SJV006015SJU;200;105;0.00161105
133;SJV006015SJU;200;106;0.01047180
133;SJV006015SJU;200;107;0.00019612
133;SJV006015SJU;200;109;0.00080552
133;SJV006015SJU;201;98;0.00241657
133;SJV006015SJU;201;99;0.00174402
133;SJV006015SJU;201;100;0.00164406
133;SJV006015SJU;201;101;0.00179343
133;SJV006015SJU;201;102;0.05094691
133;SJV006015SJU;202;90;0.00080552
133;SJV006015SJU;202;94;0.00004699
133;SJV006015SJU;202;95;0.00175326
133;SJV006015SJU;202;96;0.00080552
133;SJV006015SJU;202;97;0.00275346
133;SJV006015SJU;202;98;0.01577358
133;SJV006015SJU;202;99;0.00161105
133;SJV006015SJU;202;100;0.00011752
133;SJV006015SJU;202;101;0.00048561
133;SJV006015SJU;202;108;0.00080552
133;SJV006015SJU;203;90;0.00161105
133;SJV006015SJU;203;93;0.00161105
133;SJV006015SJU;203;94;0.00156405
133;SJV006015SJU;203;95;0.00227436
133;SJV006015SJU;203;96;0.01681503
133;SJV006015SJU;203;97;0.00322209
133;SJV006015SJU;203;98;0.02497123
133;SJV006015SJU;203;99;0.01620004
133;SJV006015SJU;203;100;0.01279880
133;SJV006015SJU;203;101;0.00080552
133;SJV006015SJU;204;89;0.00080552
133;SJV006015SJU;204;90;0.00080552
133;SJV006015SJU;204;94;0.00080552
133;SJV006015SJU;204;95;0.00805524
133;SJV006015SJU;204;96;0.02776259
133;SJV006015SJU;204;97;0.01602873
133;SJV006015SJU;204;98;0.04442200
133;SJV006015SJU;204;99;0.01662272
133;SJV006015SJU;204;100;0.01047180
133;SJV006015SJU;205;82;0.00241657
133;SJV006015SJU;205;90;0.00003667
133;SJV006015SJU;205;93;0.00933705
133;SJV006015SJU;205;94;0.00241657
133;SJV006015SJU;205;95;0.00483314
133;SJV006015SJU;205;96;0.02340540
133;SJV006015SJU;205;97;0.06252127
133;SJV006015SJU;205;98;0.09308653
133;SJV006015SJU;205;99;0.00032597
133;SJV006015SJU;206;82;0.00007151
133;SJV006015SJU;206;83;0.00475579
133;SJV006015SJU;206;86;0.00345078
133;SJV006015SJU;206;87;0.13352603
133;SJV006015SJU;206;88;0.00080552
133;SJV006015SJU;206;89;0.00509801
133;SJV006015SJU;206;90;0.00154456
133;SJV006015SJU;206;95;0.00015366
133;SJV006015SJU;206;97;0.02149487
133;SJV006015SJU;206;98;0.01176644
133;SJV006015SJU;206;99;0.00080552
133;SJV006015SJU;207;83;0.00000583
133;SJV006015SJU;207;87;0.00080552
133;SJV006015SJU;207;90;0.00080552
133;SJV006015SJU;207;94;0.01127733
133;SJV006015SJU;207;95;0.01031814
133;SJV006015SJU;207;96;0.00080552
133;SJV006015SJU;207;97;0.02181913
133;SJV006015SJU;207;98;0.00267020
133;SJV006015SJU;208;83;0.01621289
133;SJV006015SJU;208;93;0.00080552
133;SJV006015SJU;208;94;0.00724971
133;SJV006015SJU;208;97;0.00954902
133;SJV006015SJU;208;98;0.00055190
133;SJV006015SJU;209;93;0.01852704
133;SJV006015SJU;209;94;0.00241657
133;SJV006015SJU;210;96;0.00080552
133;SJV006015SJU;212;95;0.01299080
133;SJV006016SJU;179;114;0.00333333
133;SJV006016SJU;179;115;0.00333333
133;SJV006016SJU;180;114;0.02995978
133;SJV006016SJU;180;115;0.01337356
133;SJV006016SJU;183;114;0.26582396
133;SJV006016SJU;183;115;0.02333333
133;SJV006016SJU;186;119;0.00302851
133;SJV006016SJU;186;120;0.01697149
133;SJV006016SJU;187;122;0.01650897
133;SJV006016SJU;187;123;0.12015769
133;SJV006016SJU;188;123;0.00333333
133;SJV006016SJU;189;123;0.04000000
133;SJV006016SJU;189;125;0.00333333
133;SJV006016SJU;190;117;0.00333333
133;SJV006016SJU;190;120;0.00333333
133;SJV006016SJU;190;121;0.00232800
133;SJV006016SJU;190;122;0.01433867
133;SJV006016SJU;190;123;0.30418378
133;SJV006016SJU;190;124;0.03000000
133;SJV006016SJU;191;123;0.01665894
133;SJV006016SJU;192;117;0.08333333
133;SJV006020SJU;172;144;0.07005157
133;SJV006020SJU;176;142;0.00334928
133;SJV006020SJU;176;144;0.00334928
133;SJV006020SJU;176;145;0.00669857
133;SJV006020SJU;177;144;0.00669857
133;SJV006020SJU;177;145;0.04354067
133;SJV006020SJU;178;142;0.00334928
133;SJV006020SJU;178;143;0.00334928
133;SJV006020SJU;178;144;0.00669857
133;SJV006020SJU;179;138;0.00138835
133;SJV006020SJU;179;139;0.00134785
133;SJV006020SJU;179;140;0.00334928
133;SJV006020SJU;179;142;0.22994843
133;SJV006020SJU;179;143;0.01339713
133;SJV006020SJU;179;144;0.00334928
133;SJV006020SJU;180;138;0.00036334
133;SJV006020SJU;180;139;0.00359903
133;SJV006020SJU;180;140;0.00669857
133;SJV006020SJU;180;141;0.01339713
133;SJV006020SJU;180;142;0.01339713
133;SJV006020SJU;180;143;0.00334928
133;SJV006020SJU;181;137;0.00669857
133;SJV006020SJU;181;138;0.00334928
133;SJV006020SJU;181;139;0.01004785
133;SJV006020SJU;181;140;0.29191224
133;SJV006020SJU;181;141;0.16024086
133;SJV006020SJU;182;138;0.00122979
133;SJV006020SJU;182;139;0.00991016
133;SJV006020SJU;182;140;0.00560646
133;SJV006020SJU;182;141;0.00669857
133;SJV006020SJU;183;138;0.00983634
133;SJV006020SJU;183;139;0.00669857
133;SJV006020SJU;184;138;0.00021151
133;SJV006020SJU;184;147;0.00334928
133;SJV006020SJU;187;139;0.00334928
133;SJV006020SJU;188;152;0.00334928
133;SJV006020SJU;189;148;0.00669857
133;SJV006020SJU;189;149;0.00669857
133;SJV006020SJU;190;150;0.00002113
133;SJV006020SJU;190;151;0.01672529
133;SJV006020SJU;192;150;0.00334928
133;SJV006020SJU;193;148;0.00334928
133;SJV006024SJU;160;143;0.36788076
133;SJV006024SJU;160;144;0.31678516
133;SJV006024SJU;160;145;0.00876192
133;SJV006024SJU;165;138;0.09343221
133;SJV006024SJU;166;152;0.16204289
133;SJV006024SJU;174;147;0.04671611
133;SJV006024SJU;176;146;0.00438096
133;SJV006039SJU;149;161;0.00547511
133;SJV006039SJU;149;162;0.00007167
133;SJV006039SJU;150;161;0.00455455
133;SJV006039SJU;150;162;0.00145830
133;SJV006039SJU;151;160;0.00064220
133;SJV006039SJU;151;161;0.00085810
133;SJV006039SJU;151;162;0.00210096
133;SJV006039SJU;151;164;0.00060736
133;SJV006039SJU;151;165;0.00003485
133;SJV006039SJU;151;175;0.00064220
133;SJV006039SJU;152;160;0.00192660
133;SJV006039SJU;152;161;0.00299511
133;SJV006039SJU;152;162;0.03484957
133;SJV006039SJU;152;167;0.00109603
133;SJV006039SJU;152;168;0.00018837
133;SJV006039SJU;152;172;0.13071277
133;SJV006039SJU;152;173;0.00112697
133;SJV006039SJU;152;175;0.00128440
133;SJV006039SJU;153;161;0.00128440
133;SJV006039SJU;153;162;0.00093938
133;SJV006039SJU;153;169;0.00084657
133;SJV006039SJU;154;163;0.00128800
133;SJV006039SJU;154;167;0.04582440
133;SJV006039SJU;154;168;0.00660565
133;SJV006039SJU;154;169;0.00682595
133;SJV006039SJU;154;170;0.00192660
133;SJV006039SJU;154;172;0.00064220
133;SJV006039SJU;154;173;0.00038664
133;SJV006039SJU;155;159;0.00128440
133;SJV006039SJU;155;163;0.00834503
133;SJV006039SJU;155;164;0.00924483
133;SJV006039SJU;155;165;0.00937989
133;SJV006039SJU;155;166;0.06179846
133;SJV006039SJU;155;167;0.07729435
133;SJV006039SJU;155;168;0.11555095
133;SJV006039SJU;155;169;0.01412690
133;SJV006039SJU;155;170;0.00256880
133;SJV006039SJU;155;171;0.00331388
133;SJV006039SJU;155;172;0.06637500
133;SJV006039SJU;155;173;0.01521221
133;SJV006039SJU;155;175;0.00064220
133;SJV006039SJU;156;163;0.02131824
133;SJV006039SJU;156;164;0.00385321
133;SJV006039SJU;156;165;0.00128440
133;SJV006039SJU;156;166;0.03629663
133;SJV006039SJU;156;167;0.03421302
133;SJV006039SJU;156;168;0.02640643
133;SJV006039SJU;156;169;0.00558570
133;SJV006039SJU;156;171;0.00064220
133;SJV006039SJU;156;172;0.01983490
133;SJV006039SJU;156;173;0.00158098
133;SJV006039SJU;157;162;0.00128440
133;SJV006039SJU;157;163;0.02170928
133;SJV006039SJU;157;166;0.00191622
133;SJV006039SJU;157;168;0.00064220
133;SJV006039SJU;157;169;0.00002896
133;SJV006039SJU;157;172;0.00118629
133;SJV006039SJU;157;173;0.00238624
133;SJV006039SJU;158;161;0.00385321
133;SJV006039SJU;158;162;0.14520616
133;SJV006039SJU;158;164;0.00064220
133;SJV006039SJU;158;166;0.00064220
133;SJV006039SJU;158;168;0.00064220
133;SJV006039SJU;158;169;0.00256880
133;SJV006039SJU;158;170;0.00064220
133;SJV006039SJU;158;173;0.00116567
133;SJV006039SJU;158;174;0.00008531
133;SJV006039SJU;159;162;0.00128440
133;SJV006039SJU;159;163;0.00128440
133;SJV006039SJU;159;167;0.00064220
133;SJV006039SJU;159;169;0.00513761
133;SJV006039SJU;159;173;0.00078009
133;SJV006039SJU;159;174;0.00136251
133;SJV006039SJU;161;162;0.00022035
133;SJV006039SJU;161;163;0.00877047
133;SJV006039SJU;161;164;0.00128440
133;SJV006039SJU;162;162;0.00064220
133;SJV006039SJU;162;163;0.00064220
133;SJV006050SJU;154;157;0.08727307
133;SJV006050SJU;155;156;0.09681691
133;SJV006050SJU;155;158;0.00041128
133;SJV006050SJU;155;159;0.00041128
133;SJV006050SJU;156;156;0.00070454
133;SJV006050SJU;156;157;0.00052930
133;SJV006050SJU;157;154;0.00328935
133;SJV006050SJU;157;155;0.00000090
133;SJV006050SJU;157;156;0.00082256
133;SJV006050SJU;158;154;0.01110458
133;SJV006050SJU;158;155;0.00452409
133;SJV006050SJU;159;152;0.00411281
133;SJV006050SJU;159;160;0.00082198
133;SJV006050SJU;159;161;0.07238601
133;SJV006050SJU;160;150;0.00904818
133;SJV006050SJU;160;158;0.00246768
133;SJV006050SJU;160;159;0.05855323
133;SJV006050SJU;160;160;0.00548344
133;SJV006050SJU;160;161;0.00037015
133;SJV006050SJU;161;155;0.00041128
133;SJV006050SJU;161;156;0.00082256
133;SJV006050SJU;161;157;0.01316099
133;SJV006050SJU;161;158;0.10092068
133;SJV006050SJU;161;159;0.05876102
133;SJV006050SJU;161;160;0.00487903
133;SJV006050SJU;161;161;0.06210340
133;SJV006050SJU;162;154;0.00041128
133;SJV006050SJU;162;157;0.01523761
133;SJV006050SJU;162;158;0.02951560
133;SJV006050SJU;162;159;0.03386902
133;SJV006050SJU;162;160;0.00411281
133;SJV006050SJU;162;161;0.00987074
133;SJV006050SJU;162;162;0.00041128
133;SJV006050SJU;163;155;0.04417466
133;SJV006050SJU;163;156;0.00690652
133;SJV006050SJU;163;157;0.00154439
133;SJV006050SJU;163;158;0.00234312
133;SJV006050SJU;163;159;0.00955494
133;SJV006050SJU;164;154;0.09274199
133;SJV006050SJU;164;155;0.06528701
133;SJV006050SJU;164;156;0.00041404
133;SJV006050SJU;164;157;0.00164513
133;SJV006050SJU;164;158;0.00815030
133;SJV006050SJU;164;162;0.06025424
133;SJV006050SJU;164;163;0.00020405
133;SJV006050SJU;165;154;0.00123384
133;SJV006050SJU;165;155;0.00041128
133;SJV006050SJU;165;156;0.00230244
133;SJV006050SJU;165;157;0.00016524
133;SJV006050SJU;165;159;0.00041128
133;SJV006050SJU;165;162;0.00006060
133;SJV006050SJU;165;163;0.00035068
133;SJV006050SJU;166;158;0.00082256
133;SJV006050SJU;166;159;0.00534665
133;SJV006050SJU;167;156;0.00123384
133;SJV006050SJU;168;159;0.00011628
133;SJV006050SJU;168;164;0.00041128
133;SJV006050SJU;169;159;0.00029500
133;SJV006054SJU;192;128;0.00165326
133;SJV006054SJU;193;128;0.06620668
133;SJV006054SJU;195;129;0.00620875
133;SJV006054SJU;196;129;0.01995276
133;SJV006054SJU;197;117;0.13241336
133;SJV006054SJU;197;120;0.07981105
133;SJV006054SJU;197;121;0.01995276
133;SJV006054SJU;197;122;0.01995276
133;SJV006054SJU;197;123;0.11971658
133;SJV006054SJU;197;124;0.03990553
133;SJV006054SJU;198;114;0.01995276
133;SJV006054SJU;198;116;0.01995276
133;SJV006054SJU;198;123;0.03990553
133;SJV006054SJU;198;124;0.01995276
133;SJV006054SJU;198;129;0.03990553
133;SJV006054SJU;199;110;0.09517120
133;SJV006054SJU;199;123;0.05985829
133;SJV006054SJU;200;123;0.03990553
133;SJV006054SJU;200;125;0.01995276
133;SJV006054SJU;201;123;0.01995276
133;SJV006054SJU;202;120;0.01453600
133;SJV006054SJU;202;126;0.01995276
133;SJV006054SJU;203;117;0.01995276
133;SJV006054SJU;203;120;0.00541676
133;SJV006054SJU;204;116;0.01995276
133;SJV006054SJU;204;117;0.01995276
133;SJV006054SJU;205;116;0.01995276
