#GRID CA_State4k -684000. -564000. 4000. 4000. 321 291 1 LAMBERT METERS 30. 60. -120.5 -120.5 37.
139;0LC006017LAK;118;202;0.00405056
139;0LC006017LAK;119;196;0.00218609
139;0LC006017LAK;119;200;0.00039838
139;0LC006017LAK;119;201;0.02419124
139;0LC006017LAK;119;202;0.00018747
139;0LC006017LAK;120;196;0.01264911
139;0LC006017LAK;120;198;0.00085012
139;0LC006017LAK;120;199;0.00046544
139;0LC006017LAK;120;200;0.00001311
139;0LC006017LAK;120;201;0.02002466
139;0LC006017LAK;121;196;0.00575895
139;0LC006017LAK;121;197;0.01043614
139;0LC006017LAK;121;198;0.00575521
139;0LC006017LAK;121;199;0.00590371
139;0LC006017LAK;121;200;0.00455282
139;0LC006017LAK;121;201;0.02019775
139;0LC006017LAK;122;196;0.00702320
139;0LC006017LAK;122;197;0.00039932
139;0LC006017LAK;122;200;0.03041721
139;0LC006017LAK;122;201;0.00013554
139;0LC006017LAK;123;195;0.01085950
139;0LC006017LAK;123;196;0.00166542
139;0LC006017LAK;123;197;0.00043322
139;0LC006017LAK;123;199;0.02741068
139;0LC006017LAK;123;200;0.00663751
139;0LC006017LAK;124;193;0.00145116
139;0LC006017LAK;124;194;0.00632864
139;0LC006017LAK;124;195;0.00540851
139;0LC006017LAK;124;196;0.00238460
139;0LC006017LAK;124;197;0.02000291
139;0LC006017LAK;124;198;0.02447102
139;0LC006017LAK;124;199;0.00216415
139;0LC006017LAK;125;190;0.00040935
139;0LC006017LAK;125;191;0.00374755
139;0LC006017LAK;125;192;0.00344787
139;0LC006017LAK;125;193;0.00235222
139;0LC006017LAK;125;194;0.00810269
139;0LC006017LAK;125;195;0.00170791
139;0LC006017LAK;125;197;0.02873741
139;0LC006017LAK;126;190;0.00540382
139;0LC006017LAK;126;191;0.00190126
139;0LC006017LAK;126;192;0.00237230
139;0LC006017LAK;126;193;0.00025427
139;0LC006017LAK;126;194;0.00765783
139;0LC006017LAK;126;196;0.00208303
139;0LC006017LAK;126;197;0.03033408
139;0LC006017LAK;127;187;0.00107078
139;0LC006017LAK;127;188;0.03225412
139;0LC006017LAK;127;189;0.03395368
139;0LC006017LAK;127;190;0.02042706
139;0LC006017LAK;127;192;0.02893365
139;0LC006017LAK;127;193;0.03138081
139;0LC006017LAK;127;194;0.03776629
139;0LC006017LAK;127;195;0.03682262
139;0LC006017LAK;127;196;0.04677055
139;0LC006017LAK;127;197;0.03405938
139;0LC006017LAK;128;189;0.00050893
139;0LC006017LAK;128;190;0.01852324
139;0LC006017LAK;128;191;0.02654820
139;0LC006017LAK;128;192;0.00680313
139;0LC006017LAK;128;196;0.03161348
139;0LC006017LAK;128;197;0.04703849
139;0LC006017LAK;129;189;0.00040964
139;0LC006017LAK;129;196;0.07604116
139;0LC006017LAK;129;197;0.00242051
139;0LC006017LAK;130;188;0.00021954
139;0LC006017LAK;130;189;0.00002500
139;0LC006017LAK;130;197;0.06631475
139;0LC006017LAK;131;196;0.01728549
139;0LC006017LAK;131;197;0.03948454
139;0LT0060090ED;179;196;0.00914134
139;0LT0060090ED;179;197;0.01062296
139;0LT0060090ED;180;194;0.01112832
139;0LT0060090ED;180;195;0.01076248
139;0LT0060090ED;180;196;0.00162113
139;0LT0060090ED;181;191;0.18182200
139;0LT0060090ED;181;192;0.06995594
139;0LT0060090ED;181;193;0.00461252
139;0LT0060090ED;181;194;0.00891361
139;0LT0060090ED;182;190;0.12422877
139;0LT0060090ED;182;191;0.10004501
139;0LT0060090ED;182;192;0.18737169
139;0LT0060090ED;182;193;0.12463466
139;0LT0060090ED;182;194;0.04430373
139;0LT0060090ED;183;190;0.07576144
139;0LT0060090ED;183;192;0.00739543
139;0LT0060090ED;183;193;0.00504363
139;0LT0060090ED;183;194;0.02238289
139;0LT0060090ED;183;195;0.00025245
139;0LT006031PLA;178;200;0.26050278
139;0LT006031PLA;178;201;0.03888848
139;0LT006031PLA;179;197;0.00062495
139;0LT006031PLA;179;198;0.06149714
139;0LT006031PLA;179;199;0.04810558
139;0LT006031PLA;179;200;0.15079802
139;0LT006031PLA;179;201;0.00682089
139;0LT006031PLA;180;201;0.01395398
139;0LT006031PLA;180;202;0.03395969
139;0LT006031PLA;181;202;0.23570701
139;0LT006031PLA;181;203;0.14404966
139;0LT006031PLA;182;202;0.00509181
139;0MC006003AMA;162;179;1.00000000
139;0MC006005CAL;161;174;0.00823361
139;0MC006005CAL;162;171;0.01466185
139;0MC006005CAL;162;174;0.01762436
139;0MC006005CAL;163;171;0.00751943
139;0MC006005CAL;163;172;0.04166358
139;0MC006005CAL;163;174;0.01559523
139;0MC006005CAL;164;171;0.00212434
139;0MC006005CAL;164;172;0.00796666
139;0MC006005CAL;164;173;0.03681568
139;0MC006005CAL;164;174;0.02533113
139;0MC006005CAL;165;171;0.00935969
139;0MC006005CAL;165;174;0.03638215
139;0MC006005CAL;166;167;0.02597734
139;0MC006005CAL;166;170;0.00834916
139;0MC006005CAL;166;171;0.00101054
139;0MC006005CAL;166;174;0.03008427
139;0MC006005CAL;166;175;0.01115130
139;0MC006005CAL;167;167;0.01335849
139;0MC006005CAL;167;168;0.01771511
139;0MC006005CAL;167;169;0.00521428
139;0MC006005CAL;167;170;0.00414542
139;0MC006005CAL;167;174;0.03058537
139;0MC006005CAL;167;175;0.00934244
139;0MC006005CAL;167;176;0.02069046
139;0MC006005CAL;167;177;0.01353336
139;0MC006005CAL;168;168;0.04014535
139;0MC006005CAL;168;169;0.02841438
139;0MC006005CAL;168;170;0.01205621
139;0MC006005CAL;168;172;0.00032383
139;0MC006005CAL;168;173;0.02557173
139;0MC006005CAL;168;174;0.02431221
139;0MC006005CAL;168;175;0.00147210
139;0MC006005CAL;168;176;0.00127538
139;0MC006005CAL;168;177;0.01076077
139;0MC006005CAL;168;178;0.00099435
139;0MC006005CAL;169;166;0.00009118
139;0MC006005CAL;169;167;0.00098305
139;0MC006005CAL;169;168;0.00109593
139;0MC006005CAL;169;170;0.02990020
139;0MC006005CAL;169;171;0.00340972
139;0MC006005CAL;169;172;0.02961651
139;0MC006005CAL;169;178;0.01175512
139;0MC006005CAL;170;166;0.00072743
139;0MC006005CAL;170;170;0.00333918
139;0MC006005CAL;170;171;0.05548432
139;0MC006005CAL;170;178;0.00475496
139;0MC006005CAL;170;179;0.00700016
139;0MC006005CAL;171;169;0.01191210
139;0MC006005CAL;171;170;0.01835040
139;0MC006005CAL;171;171;0.03110243
139;0MC006005CAL;171;179;0.01869227
139;0MC006005CAL;171;180;0.00297122
139;0MC006005CAL;172;169;0.00079141
139;0MC006005CAL;172;171;0.01959966
139;0MC006005CAL;172;172;0.00753070
139;0MC006005CAL;172;178;0.01734986
139;0MC006005CAL;172;179;0.00290180
139;0MC006005CAL;173;172;0.01445994
139;0MC006005CAL;173;173;0.02001013
139;0MC006005CAL;173;177;0.00097366
139;0MC006005CAL;173;178;0.00015213
139;0MC006005CAL;174;173;0.00131917
139;0MC006005CAL;174;174;0.02132930
139;0MC006005CAL;174;175;0.01037945
139;0MC006005CAL;174;176;0.00090494
139;0MC006005CAL;174;177;0.00022086
139;0MC006005CAL;175;175;0.01382261
139;0MC006005CAL;175;176;0.01221721
139;0MC006005CAL;176;176;0.00817021
139;0MC006005CAL;176;177;0.00826382
139;0MC006005CAL;177;177;0.00494832
139;0MC006005CAL;177;178;0.00757905
139;0MC006005CAL;178;178;0.00544038
139;0MC006005CAL;178;179;0.00651016
139;0MC006005CAL;179;179;0.00576746
139;0MC006005CAL;179;180;0.00600866
139;0MC006005CAL;180;180;0.00626896
139;0MC006005CAL;180;181;0.00550717
139;0MC006005CAL;181;181;0.00062524
139;0MC0060090ED;159;186;0.03410169
139;0MC0060090ED;159;187;0.01071604
139;0MC0060090ED;159;188;0.00795375
139;0MC0060090ED;160;185;0.00728423
139;0MC0060090ED;160;186;0.06859255
139;0MC0060090ED;160;187;0.00079453
139;0MC0060090ED;160;188;0.00740913
139;0MC0060090ED;160;189;0.00128172
139;0MC0060090ED;160;190;0.00075038
139;0MC0060090ED;160;191;0.00002433
139;0MC0060090ED;160;193;0.00300458
139;0MC0060090ED;161;183;0.00063168
139;0MC0060090ED;161;184;0.00806345
139;0MC0060090ED;161;185;0.00209127
139;0MC0060090ED;161;186;0.05830955
139;0MC0060090ED;161;187;0.00544788
139;0MC0060090ED;161;188;0.00400259
139;0MC0060090ED;161;190;0.00056342
139;0MC0060090ED;161;191;0.00691173
139;0MC0060090ED;161;192;0.00616557
139;0MC0060090ED;161;193;0.01269004
139;0MC0060090ED;162;183;0.00275637
139;0MC0060090ED;162;184;0.00063862
139;0MC0060090ED;162;185;0.00017681
139;0MC0060090ED;162;186;0.03110905
139;0MC0060090ED;162;187;0.02620913
139;0MC0060090ED;162;188;0.00401581
139;0MC0060090ED;162;189;0.00199105
139;0MC0060090ED;162;191;0.00554382
139;0MC0060090ED;162;192;0.00224032
139;0MC0060090ED;162;193;0.00200867
139;0MC0060090ED;163;187;0.06000958
139;0MC0060090ED;163;188;0.00348699
139;0MC0060090ED;163;189;0.00133214
139;0MC0060090ED;163;190;0.00569953
139;0MC0060090ED;163;191;0.00358399
139;0MC0060090ED;163;192;0.00015030
139;0MC0060090ED;163;193;0.00088858
139;0MC0060090ED;164;184;0.00549384
139;0MC0060090ED;164;185;0.00566077
139;0MC0060090ED;164;186;0.00566077
139;0MC0060090ED;164;187;0.01024285
139;0MC0060090ED;164;188;0.06155169
139;0MC0060090ED;164;189;0.00418379
139;0MC0060090ED;164;190;0.00264398
139;0MC0060090ED;164;192;0.00007419
139;0MC0060090ED;164;193;0.00076812
139;0MC0060090ED;165;187;0.00350162
139;0MC0060090ED;165;188;0.04160944
139;0MC0060090ED;165;189;0.00685147
139;0MC0060090ED;165;190;0.00291504
139;0MC0060090ED;165;191;0.00167093
139;0MC0060090ED;165;192;0.00036679
139;0MC0060090ED;165;193;0.00051675
139;0MC0060090ED;166;183;0.00014568
139;0MC0060090ED;166;184;0.00005667
139;0MC0060090ED;166;185;0.00014803
139;0MC0060090ED;166;187;0.00296411
139;0MC0060090ED;166;188;0.02854865
139;0MC0060090ED;166;189;0.00035623
139;0MC0060090ED;166;191;0.00080458
139;0MC0060090ED;166;192;0.00137726
139;0MC0060090ED;167;183;0.00038725
139;0MC0060090ED;167;184;0.00494206
139;0MC0060090ED;167;185;0.00376403
139;0MC0060090ED;167;186;0.00229002
139;0MC0060090ED;167;187;0.00224661
139;0MC0060090ED;167;188;0.00596174
139;0MC0060090ED;167;189;0.02378714
139;0MC0060090ED;168;184;0.00122604
139;0MC0060090ED;168;185;0.00139879
139;0MC0060090ED;168;186;0.00306016
139;0MC0060090ED;168;187;0.00318165
139;0MC0060090ED;168;188;0.00542114
139;0MC0060090ED;168;189;0.02797991
139;0MC0060090ED;169;184;0.00030578
139;0MC0060090ED;169;187;0.00076579
139;0MC0060090ED;169;188;0.00168388
139;0MC0060090ED;169;189;0.02813923
139;0MC0060090ED;170;184;0.00035166
139;0MC0060090ED;170;188;0.00048305
139;0MC0060090ED;170;189;0.02719355
139;0MC0060090ED;171;183;0.00020414
139;0MC0060090ED;171;184;0.00014153
139;0MC0060090ED;171;188;0.00038222
139;0MC0060090ED;171;189;0.02582791
139;0MC0060090ED;172;183;0.00032149
139;0MC0060090ED;172;188;0.00033365
139;0MC0060090ED;172;189;0.02582791
139;0MC0060090ED;173;183;0.00025952
139;0MC0060090ED;173;188;0.00031218
139;0MC0060090ED;173;189;0.02585200
139;0MC0060090ED;174;188;0.00030273
139;0MC0060090ED;174;189;0.02585325
139;0MC0060090ED;175;183;0.00009584
139;0MC0060090ED;175;184;0.00003986
139;0MC0060090ED;175;187;0.00030988
139;0MC0060090ED;175;188;0.00004239
139;0MC0060090ED;175;189;0.01719116
139;0MC0060090ED;175;190;0.00908425
139;0MC0060090ED;176;184;0.00007504
139;0MC0060090ED;176;186;0.00001442
139;0MC0060090ED;176;187;0.00031976
139;0MC0060090ED;176;190;0.02553253
139;0MC0060090ED;176;191;0.00264672
139;0MC0060090ED;176;192;0.00049547
139;0MC0060090ED;177;184;0.00001200
139;0MC0060090ED;177;185;0.00021440
139;0MC0060090ED;177;186;0.00048861
139;0MC0060090ED;177;190;0.02356033
139;0MC0060090ED;177;191;0.00020648
139;0MC0060090ED;178;185;0.00000693
139;0MC0060090ED;178;186;0.00009086
139;0MC0060090ED;178;190;0.02366174
139;0MC0060090ED;178;191;0.00010508
139;0MC0060090ED;179;186;0.00020152
139;0MC0060090ED;179;187;0.00014392
139;0MC0060090ED;179;190;0.02610020
139;0MC0060090ED;180;187;0.00000947
139;0MC0060090ED;180;188;0.00002965
139;0MC0060090ED;180;190;0.00397402
139;0MC0060090ED;180;191;0.02303341
139;0MC0060090ED;181;188;0.00002565
139;0MC0060090ED;181;191;0.00535627
139;0MC006022MPA;174;159;0.00391508
139;0MC006022MPA;174;160;0.00461849
139;0MC006022MPA;175;161;0.00758655
139;0MC006022MPA;176;160;0.01052924
139;0MC006022MPA;176;161;0.00463541
139;0MC006022MPA;177;151;0.00264570
139;0MC006022MPA;177;159;0.01054843
139;0MC006022MPA;177;160;0.00363899
139;0MC006022MPA;177;161;0.00610265
139;0MC006022MPA;177;162;0.01226001
139;0MC006022MPA;178;151;0.04160196
139;0MC006022MPA;178;152;0.02322159
139;0MC006022MPA;178;158;0.00711022
139;0MC006022MPA;178;159;0.00325453
139;0MC006022MPA;178;160;0.01457946
139;0MC006022MPA;178;161;0.02526338
139;0MC006022MPA;179;152;0.05198219
139;0MC006022MPA;179;153;0.01284136
139;0MC006022MPA;179;157;0.00503373
139;0MC006022MPA;179;158;0.02795699
139;0MC006022MPA;179;159;0.02505582
139;0MC006022MPA;179;160;0.01220813
139;0MC006022MPA;180;153;0.06174451
139;0MC006022MPA;180;156;0.00520046
139;0MC006022MPA;180;157;0.03980641
139;0MC006022MPA;180;158;0.00072152
139;0MC006022MPA;180;164;0.00125421
139;0MC006022MPA;181;152;0.00480935
139;0MC006022MPA;181;153;0.02727178
139;0MC006022MPA;181;154;0.02408849
139;0MC006022MPA;181;156;0.03630324
139;0MC006022MPA;181;164;0.00364024
139;0MC006022MPA;182;152;0.01326061
139;0MC006022MPA;182;154;0.02996100
139;0MC006022MPA;182;155;0.02166947
139;0MC006022MPA;182;156;0.01463377
139;0MC006022MPA;183;149;0.00000132
139;0MC006022MPA;183;152;0.00026470
139;0MC006022MPA;183;153;0.00046538
139;0MC006022MPA;183;154;0.00759774
139;0MC006022MPA;183;155;0.04844431
139;0MC006022MPA;183;156;0.00010729
139;0MC006022MPA;183;157;0.00486263
139;0MC006022MPA;183;158;0.00625177
139;0MC006022MPA;183;159;0.00115092
139;0MC006022MPA;184;153;0.00073008
139;0MC006022MPA;184;154;0.02507414
139;0MC006022MPA;184;156;0.00707530
139;0MC006022MPA;184;157;0.00148400
139;0MC006022MPA;184;159;0.00508210
139;0MC006022MPA;184;160;0.00388248
139;0MC006022MPA;185;153;0.00032454
139;0MC006022MPA;185;154;0.02535366
139;0MC006022MPA;185;160;0.00564689
139;0MC006022MPA;186;154;0.02382727
139;0MC006022MPA;186;160;0.00564689
139;0MC006022MPA;186;162;0.00216466
139;0MC006022MPA;187;154;0.02642436
139;0MC006022MPA;187;160;0.00564689
139;0MC006022MPA;187;161;0.00856828
139;0MC006022MPA;187;162;0.01218079
139;0MC006022MPA;188;153;0.01922814
139;0MC006022MPA;188;154;0.00671749
139;0MC006022MPA;188;159;0.00874818
139;0MC006022MPA;188;160;0.01406270
139;0MC006022MPA;188;161;0.01002407
139;0MC006022MPA;189;156;0.00753490
139;0MC006022MPA;189;157;0.01490381
139;0MC006022MPA;189;158;0.01389335
139;0MC006022MPA;189;159;0.00514518
139;0MC006022MPA;189;160;0.00419018
139;0MC006022MPA;189;161;0.00415469
139;0MC006022MPA;190;154;0.00627181
139;0MC006022MPA;190;155;0.01389651
139;0MC006022MPA;190;156;0.00750751
139;0MC006022MPA;190;164;0.00203149
139;0MC006022MPA;190;165;0.00250299
139;0MC006022MPA;191;164;0.00753737
139;0MC006022MPA;192;164;0.00753737
139;0MC006022MPA;193;164;0.00781486
139;0MC006022MPA;193;165;0.00247243
139;0MC006022MPA;194;165;0.00461162
139;0MC006029NSI;175;205;0.48854624
139;0MC006029NSI;176;204;0.24427312
139;0MC006029NSI;176;205;0.24427312
139;0MC006029NSI;179;205;0.02290752
139;0MC006031PLA;164;200;0.33333333
139;0MC006031PLA;164;201;0.33333333
139;0MC006031PLA;168;204;0.33333333
139;0MC006032NSI;158;231;0.24998875
139;0MC006032NSI;161;224;0.15004025
139;0MC006032NSI;165;221;0.19999200
139;0MC006032NSI;173;218;0.39997900
139;0MC006046NSI;182;214;1.00000000
139;0MC006055TUO;172;165;1.00000000
139;0MD006015KER;214;94;0.03858208
139;0MD006015KER;222;91;0.03858208
139;0MD006015KER;230;88;0.10000000
139;0MD006015KER;234;88;0.82283584
139;0MD0060190AV;223;81;0.03978495
139;0MD0060190AV;224;79;0.45000000
139;0MD0060190AV;225;78;0.05107527
139;0MD0060190AV;225;79;0.00752688
139;0MD0060190AV;225;80;0.00161290
139;0MD0060190AV;227;76;0.45000000
139;0MD0060330SC;269;63;0.00031401
139;0MD0060330SC;270;62;0.00163536
139;0MD0060330SC;270;63;0.00186170
139;0MD0060330SC;271;63;0.00194679
139;0MD0060330SC;272;62;0.00089521
139;0MD0060330SC;272;63;0.00154149
139;0MD0060330SC;273;62;0.00134522
139;0MD0060330SC;273;63;0.00313100
139;0MD0060330SC;273;64;0.00006047
139;0MD0060330SC;274;61;0.00124901
139;0MD0060330SC;274;62;0.00131819
139;0MD0060330SC;275;61;0.00190392
139;0MD0060330SC;276;61;0.00189955
139;0MD0060330SC;277;60;0.00177090
139;0MD0060330SC;277;61;0.00020156
139;0MD0060330SC;278;56;0.00068560
139;0MD0060330SC;278;57;0.00114212
139;0MD0060330SC;278;59;0.00098411
139;0MD0060330SC;278;60;0.00160611
139;0MD0060330SC;279;57;0.00108591
139;0MD0060330SC;279;58;0.00214169
139;0MD0060330SC;279;59;0.00155245
139;0MD0060330SC;284;54;0.01020480
139;0MD0060330SC;284;55;0.02652505
139;0MD0060330SC;284;56;0.00242424
139;0MD0060330SC;285;54;0.00051698
139;0MD0060330SC;285;55;0.07526650
139;0MD0060330SC;285;56;0.00458238
139;0MD0060330SC;286;55;0.07500381
139;0MD0060330SC;286;56;0.00371078
139;0MD0060330SC;286;59;0.00193365
139;0MD0060330SC;287;55;0.05951826
139;0MD0060330SC;287;56;0.01773170
139;0MD0060330SC;287;57;0.00031734
139;0MD0060330SC;287;58;0.00214573
139;0MD0060330SC;287;59;0.00115226
139;0MD0060330SC;288;55;0.00023161
139;0MD0060330SC;288;56;0.07602059
139;0MD0060330SC;288;57;0.00187008
139;0MD0060330SC;289;55;0.03334078
139;0MD0060330SC;289;56;0.03808298
139;0MD0060330SC;289;57;0.00251444
139;0MD0060330SC;289;58;0.00079951
139;0MD0060330SC;289;65;0.00044146
139;0MD0060330SC;289;66;0.00063393
139;0MD0060330SC;290;55;0.07333804
139;0MD0060330SC;290;57;0.00300990
139;0MD0060330SC;290;58;0.00162105
139;0MD0060330SC;290;59;0.00124000
139;0MD0060330SC;290;65;0.00187406
139;0MD0060330SC;291;55;0.07515787
139;0MD0060330SC;291;57;0.00372970
139;0MD0060330SC;291;59;0.00096588
139;0MD0060330SC;291;60;0.00180973
139;0MD0060330SC;291;61;0.00319261
139;0MD0060330SC;291;62;0.00181012
139;0MD0060330SC;291;63;0.00181012
139;0MD0060330SC;291;64;0.00181012
139;0MD0060330SC;291;65;0.00318423
139;0MD0060330SC;292;54;0.00081318
139;0MD0060330SC;292;55;0.07529821
139;0MD0060330SC;292;57;0.00274605
139;0MD0060330SC;292;58;0.00098364
139;0MD0060330SC;292;61;0.00183121
139;0MD0060330SC;292;65;0.00046710
139;0MD0060330SC;292;66;0.00157778
139;0MD0060330SC;293;54;0.02846462
139;0MD0060330SC;293;55;0.04764696
139;0MD0060330SC;293;57;0.00182053
139;0MD0060330SC;293;58;0.00190917
139;0MD0060330SC;293;61;0.00127393
139;0MD0060330SC;293;62;0.00055630
139;0MD0060330SC;293;66;0.00074596
139;0MD0060330SC;294;53;0.00129745
139;0MD0060330SC;294;54;0.07480818
139;0MD0060330SC;294;57;0.00182053
139;0MD0060330SC;294;58;0.00190917
139;0MD0060330SC;294;61;0.00164000
139;0MD0060330SC;294;62;0.00053306
139;0MD0060330SC;295;53;0.00182011
139;0MD0060330SC;295;54;0.07400068
139;0MD0060330SC;295;57;0.00182053
139;0MD0060330SC;295;58;0.00109810
139;0MD0060330SC;295;59;0.00081107
139;0MD0060330SC;295;62;0.00186497
139;0MD0060330SC;296;53;0.00069476
139;0MD0060330SC;296;54;0.02730135
139;0MD0060330SC;296;56;0.00001322
139;0MD0060330SC;296;57;0.00027308
139;0MD0060330SC;296;59;0.00190917
139;0MD0060330SC;296;62;0.00031218
139;0MD0060330SC;297;59;0.00014313
139;0MD006033MOJ;299;54;0.91426204
139;0MD006033MOJ;303;54;0.08573796
139;0MD006036MOJ;238;88;0.03000010
139;0MD006036MOJ;240;69;0.01117746
139;0MD006036MOJ;240;71;0.01882381
139;0MD006036MOJ;241;72;0.17705652
139;0MD006036MOJ;241;77;0.00086207
139;0MD006036MOJ;244;73;0.02456897
139;0MD006036MOJ;244;76;0.02456897
139;0MD006036MOJ;248;85;0.29823219
139;0MD006036MOJ;249;86;0.16280318
139;0MD006036MOJ;250;86;0.00086207
139;0MD006036MOJ;252;86;0.01235333
139;0MD006036MOJ;254;87;0.00176527
139;0MD006036MOJ;257;84;0.01235333
139;0MD006036MOJ;257;85;0.02456897
139;0MD006036MOJ;259;84;0.02705897
139;0MD006036MOJ;261;84;0.03764762
139;0MD006036MOJ;261;90;0.03764762
139;0MD006036MOJ;278;102;0.03764762
139;0MD006036MOJ;281;103;0.01882381
139;0MD006036MOJ;290;86;0.03764762
139;0MD006036MOJ;305;85;0.00353053
139;0NC006008NCU;107;277;1.00000000
139;0NC006012NCU;96;244;0.05263158
139;0NC006012NCU;96;245;0.04736842
139;0NC006012NCU;97;239;0.56711852
139;0NC006012NCU;97;254;0.14794198
139;0NC006012NCU;97;255;0.14794198
139;0NC006012NCU;101;248;0.03699752
139;0NC006023MEN;102;209;0.10000000
139;0NC006023MEN;107;219;0.08307536
139;0NC006023MEN;110;213;0.12461236
139;0NC006023MEN;111;212;0.01384705
139;0NC006023MEN;112;208;0.04155084
139;0NC006023MEN;115;201;0.63691438
139;0NC0060490NS;108;190;0.00204735
139;0NC0060490NS;109;189;0.00236647
139;0NC0060490NS;109;190;0.00094669
139;0NC0060490NS;110;187;0.00138517
139;0NC0060490NS;110;188;0.00283206
139;0NC0060490NS;110;189;0.00065926
139;0NC0060490NS;111;186;0.00273421
139;0NC0060490NS;111;187;0.00154022
139;0NC0060490NS;112;184;0.00005232
139;0NC0060490NS;112;185;0.00320665
139;0NC0060490NS;112;186;0.00042798
139;0NC0060490NS;112;187;0.00005932
139;0NC0060490NS;112;188;0.00021313
139;0NC0060490NS;113;184;0.00312525
139;0NC0060490NS;113;186;0.00048905
139;0NC0060490NS;113;188;0.00025409
139;0NC0060490NS;114;183;0.00239998
139;0NC0060490NS;114;184;0.00790693
139;0NC0060490NS;114;185;0.01467994
139;0NC0060490NS;114;186;0.00665351
139;0NC0060490NS;114;187;0.00079722
139;0NC0060490NS;114;188;0.00068074
139;0NC0060490NS;115;182;0.00569377
139;0NC0060490NS;115;183;0.01649901
139;0NC0060490NS;115;184;0.00713182
139;0NC0060490NS;115;188;0.00073286
139;0NC0060490NS;116;181;0.00629806
139;0NC0060490NS;116;182;0.01795144
139;0NC0060490NS;116;188;0.00073269
139;0NC0060490NS;117;178;0.00001493
139;0NC0060490NS;117;179;0.00023285
139;0NC0060490NS;117;180;0.00021417
139;0NC0060490NS;117;181;0.00400839
139;0NC0060490NS;117;182;0.01931529
139;0NC0060490NS;117;188;0.00074585
139;0NC0060490NS;117;192;0.00181550
139;0NC0060490NS;117;193;0.00031499
139;0NC0060490NS;118;178;0.00025940
139;0NC0060490NS;118;182;0.02448701
139;0NC0060490NS;118;183;0.00016297
139;0NC0060490NS;118;187;0.00006894
139;0NC0060490NS;118;188;0.00118344
139;0NC0060490NS;118;189;0.00001076
139;0NC0060490NS;118;191;0.00696438
139;0NC0060490NS;118;192;0.03683508
139;0NC0060490NS;118;193;0.00060672
139;0NC0060490NS;119;178;0.00015988
139;0NC0060490NS;119;179;0.00043391
139;0NC0060490NS;119;180;0.00406656
139;0NC0060490NS;119;181;0.01866355
139;0NC0060490NS;119;182;0.00596700
139;0NC0060490NS;119;183;0.00081010
139;0NC0060490NS;119;188;0.00022899
139;0NC0060490NS;119;189;0.00127505
139;0NC0060490NS;119;190;0.07202810
139;0NC0060490NS;119;191;0.06084121
139;0NC0060490NS;119;192;0.02540165
139;0NC0060490NS;120;178;0.00008914
139;0NC0060490NS;120;179;0.00012348
139;0NC0060490NS;120;180;0.00108653
139;0NC0060490NS;120;181;0.01220813
139;0NC0060490NS;120;182;0.01120157
139;0NC0060490NS;120;183;0.00079857
139;0NC0060490NS;120;187;0.00014226
139;0NC0060490NS;120;188;0.00079113
139;0NC0060490NS;120;189;0.07699119
139;0NC0060490NS;120;190;0.01996887
139;0NC0060490NS;121;181;0.00108337
139;0NC0060490NS;121;182;0.01741188
139;0NC0060490NS;121;183;0.00137820
139;0NC0060490NS;121;184;0.00024828
139;0NC0060490NS;121;185;0.00044760
139;0NC0060490NS;121;186;0.08753493
139;0NC0060490NS;121;187;0.08369551
139;0NC0060490NS;121;188;0.09819265
139;0NC0060490NS;121;189;0.01967721
139;0NC0060490NS;122;182;0.00003752
139;0NC0060490NS;122;183;0.00029223
139;0NC0060490NS;122;184;0.00068740
139;0NC0060490NS;122;185;0.10912870
139;0NC0060490NS;122;186;0.03138010
139;0NC0060490NS;122;187;0.00163762
139;0NC0060490NS;122;188;0.00370386
139;0NC0060490NS;122;189;0.00094018
139;0NC0060490NS;123;185;0.00080773
139;0NC0060490NS;123;187;0.00572472
139;0NC0060490NS;123;188;0.00023195
139;0NC0060490NS;124;185;0.00013622
139;0NC0060490NS;124;186;0.00032144
139;0NC0060490NS;124;187;0.00457909
139;0NC0060490NS;125;185;0.00010701
139;0NC0060490NS;125;186;0.00157343
139;0NC0060490NS;125;187;0.00336362
139;0NC0060490NS;126;186;0.00466283
139;0NC006053NCU;109;248;0.30000400
139;0NC006053NCU;122;241;0.69999600
139;0SC0060190SC;208;82;0.42334978
139;0SC0060190SC;214;72;0.00444219
139;0SC0060190SC;214;74;0.10658015
139;0SC0060190SC;215;67;0.00001600
139;0SC0060190SC;215;68;0.00002666
139;0SC0060190SC;216;67;0.00004266
139;0SC0060190SC;217;66;0.00010666
139;0SC0060190SC;217;69;0.00000533
139;0SC0060190SC;218;62;0.00001067
139;0SC0060190SC;218;66;0.00003200
139;0SC0060190SC;218;68;0.00004266
139;0SC0060190SC;220;59;0.00014398
139;0SC0060190SC;220;60;0.00001600
139;0SC0060190SC;220;67;0.00053328
139;0SC0060190SC;221;53;0.00000533
139;0SC0060190SC;221;61;0.00004800
139;0SC0060190SC;222;54;0.00942833
139;0SC0060190SC;222;56;0.00461817
139;0SC0060190SC;222;57;0.00012799
139;0SC0060190SC;222;58;0.00008532
139;0SC0060190SC;222;61;0.00002666
139;0SC0060190SC;222;64;0.00054928
139;0SC0060190SC;222;65;0.00002133
139;0SC0060190SC;222;67;0.00000533
139;0SC0060190SC;223;53;0.00320499
139;0SC0060190SC;223;54;0.02741574
139;0SC0060190SC;223;55;0.01306527
139;0SC0060190SC;223;56;0.00020798
139;0SC0060190SC;223;57;0.00357829
139;0SC0060190SC;223;60;0.00123187
139;0SC0060190SC;223;61;0.00226109
139;0SC0060190SC;223;62;0.00119454
139;0SC0060190SC;223;63;0.00037329
139;0SC0060190SC;223;64;0.00002666
139;0SC0060190SC;224;54;0.01261732
139;0SC0060190SC;224;55;0.00191979
139;0SC0060190SC;224;58;0.00002666
139;0SC0060190SC;224;60;0.00007999
139;0SC0060190SC;224;61;0.00395158
139;0SC0060190SC;225;57;0.00011732
139;0SC0060190SC;225;59;0.00052261
139;0SC0060190SC;225;60;0.06826312
139;0SC0060190SC;225;61;0.00099189
139;0SC0060190SC;225;66;0.00000533
139;0SC0060190SC;226;58;0.00444219
139;0SC0060190SC;226;59;0.00001067
139;0SC0060190SC;226;60;0.28528070
139;0SC0060190SC;226;61;0.00006399
139;0SC0060190SC;226;62;0.00101323
139;0SC0060190SC;227;58;0.00245307
139;0SC0060190SC;227;60;0.00012799
139;0SC0060190SC;227;62;0.00002666
139;0SC0060190SC;227;63;0.00097056
139;0SC0060190SC;228;57;0.00015998
139;0SC0060190SC;228;58;0.00229842
139;0SC0060190SC;228;62;0.00169582
139;0SC0060190SC;228;63;0.00004266
139;0SC0060190SC;228;64;0.00008532
139;0SC0060190SC;229;61;0.00004800
139;0SC0060190SC;229;62;0.00137052
139;0SC0060190SC;229;63;0.00011732
139;0SC0060190SC;229;64;0.00012799
139;0SC0060190SC;230;61;0.00159983
139;0SC0060190SC;230;63;0.00018665
139;0SC0060190SC;230;64;0.00446352
139;0SC0060190SC;231;61;0.00052794
139;0SC0060190SC;232;61;0.00150384
139;0SC0060190SC;234;62;0.00000533
139;0SC0060190SC;234;64;0.00005866
139;0SC0060300SC;228;55;0.00054201
139;0SC0060300SC;228;57;0.01219512
139;0SC0060300SC;229;52;0.15000000
139;0SC0060300SC;229;54;0.15325204
139;0SC0060300SC;229;56;0.15000000
139;0SC0060300SC;229;57;0.00108401
139;0SC0060300SC;229;58;0.15000000
139;0SC0060300SC;230;53;0.00189702
139;0SC0060300SC;230;54;0.00433604
139;0SC0060300SC;230;57;0.01802168
139;0SC0060300SC;230;59;0.01991870
139;0SC0060300SC;231;53;0.00040650
139;0SC0060300SC;231;56;0.00325203
139;0SC0060300SC;231;57;0.00067751
139;0SC0060300SC;231;58;0.00189702
139;0SC0060300SC;231;59;0.00027100
139;0SC0060300SC;232;54;0.00704607
139;0SC0060300SC;232;56;0.00176152
139;0SC0060300SC;232;57;0.00162602
139;0SC0060300SC;233;57;0.00203252
139;0SC0060300SC;234;57;0.30000000
139;0SC0060300SC;235;52;0.01883469
139;0SC0060300SC;236;52;0.00013550
139;0SC0060300SC;238;46;0.00081301
139;0SC0060330SC;237;58;0.00006579
139;0SC0060330SC;238;58;0.00190790
139;0SC0060330SC;238;59;0.00243421
139;0SC0060330SC;238;62;0.00506579
139;0SC0060330SC;239;58;0.00736842
139;0SC0060330SC;239;62;0.01019737
139;0SC0060330SC;240;58;0.00414474
139;0SC0060330SC;242;59;0.00039474
139;0SC0060330SC;242;62;0.00940789
139;0SC0060330SC;243;61;0.00322368
139;0SC0060330SC;244;59;0.04059211
139;0SC0060330SC;244;60;0.02148989
139;0SC0060330SC;244;61;0.00098684
139;0SC0060330SC;245;52;0.02030568
139;0SC0060330SC;245;59;0.00835526
139;0SC0060330SC;246;56;0.02030568
139;0SC0060330SC;247;49;0.02030568
139;0SC0060330SC;247;60;0.02030568
139;0SC0060330SC;248;46;0.02030568
139;0SC0060330SC;248;48;0.00335526
139;0SC0060330SC;249;47;0.02030568
139;0SC0060330SC;249;57;0.00019737
139;0SC0060330SC;250;57;0.00052632
139;0SC0060330SC;251;60;0.21652859
139;0SC0060330SC;252;55;0.02030568
139;0SC0060330SC;253;60;0.00059210
139;0SC0060330SC;255;60;0.04061137
139;0SC0060330SC;256;60;0.48041455
139;0SC0060360SC;234;62;0.00010730
139;0SC0060360SC;235;61;0.00872473
139;0SC0060360SC;235;62;0.00096566
139;0SC0060360SC;236;60;0.00010730
139;0SC0060360SC;236;61;0.00686695
139;0SC0060360SC;236;64;0.00008584
139;0SC0060360SC;237;62;0.00023605
139;0SC0060360SC;237;63;0.00221030
139;0SC0060360SC;238;61;0.00072961
139;0SC0060360SC;238;62;0.00328326
139;0SC0060360SC;238;63;0.70508244
139;0SC0060360SC;238;64;0.00068670
139;0SC0060360SC;239;62;0.00141631
139;0SC0060360SC;239;63;0.00171674
139;0SC0060360SC;239;64;0.00860515
139;0SC0060360SC;240;63;0.11920400
139;0SC0060360SC;240;64;0.00289700
139;0SC0060360SC;241;63;0.02469957
139;0SC0060360SC;241;65;0.00334764
139;0SC0060360SC;242;63;0.02913484
139;0SC0060360SC;242;67;0.00244635
139;0SC0060360SC;243;62;0.00017167
139;0SC0060360SC;243;63;0.00015022
139;0SC0060360SC;243;66;0.00304721
139;0SC0060360SC;244;63;0.04243587
139;0SC0060360SC;244;64;0.00733906
139;0SC0060360SC;245;64;0.00403434
139;0SC0060360SC;249;62;0.02026791
139;0SD0060370SD;242;41;0.13845860
139;0SD0060370SD;245;39;0.00003884
139;0SD0060370SD;245;40;0.00062136
139;0SD0060370SD;246;34;0.08861592
139;0SD0060370SD;246;37;0.00015534
139;0SD0060370SD;247;29;0.00034952
139;0SD0060370SD;247;38;0.00182524
139;0SD0060370SD;248;27;0.00015534
139;0SD0060370SD;248;28;0.00011650
139;0SD0060370SD;248;31;0.00042718
139;0SD0060370SD;248;38;0.00151456
139;0SD0060370SD;248;39;0.00015534
139;0SD0060370SD;248;46;0.00831025
139;0SD0060370SD;249;26;0.02800000
139;0SD0060370SD;249;28;0.00015534
139;0SD0060370SD;249;29;0.00124272
139;0SD0060370SD;249;30;0.00034952
139;0SD0060370SD;249;31;0.00687379
139;0SD0060370SD;249;37;0.00015534
139;0SD0060370SD;249;38;0.00085437
139;0SD0060370SD;250;25;0.04994175
139;0SD0060370SD;250;28;0.00151456
139;0SD0060370SD;250;38;0.00015534
139;0SD0060370SD;251;32;0.00019417
139;0SD0060370SD;251;40;0.05815515
139;0SD0060370SD;253;22;0.00128155
139;0SD0060370SD;254;22;0.43163601
139;0SD0060370SD;254;29;0.00151456
139;0SD0060370SD;260;30;0.08861592
139;0SD0060370SD;264;28;0.08861592
139;0SF0060010BA;132;164;0.00293375
139;0SF0060010BA;133;163;0.03554183
139;0SF0060010BA;133;164;0.01336328
139;0SF0060010BA;134;163;0.00767827
139;0SF0060010BA;135;161;0.00012633
139;0SF0060010BA;135;162;0.53992909
139;0SF0060010BA;135;163;0.00002807
139;0SF0060010BA;136;159;0.00007018
139;0SF0060010BA;136;160;0.00032285
139;0SF0060010BA;136;161;0.00064570
139;0SF0060010BA;137;158;0.00026670
139;0SF0060010BA;137;159;0.00179674
139;0SF0060010BA;138;158;0.00051937
139;0SF0060010BA;138;159;0.00109489
139;0SF0060010BA;139;156;0.00023863
139;0SF0060010BA;140;155;0.15002500
139;0SF0060010BA;140;156;0.00144582
139;0SF0060010BA;141;154;0.00005615
139;0SF0060010BA;141;157;0.07501250
139;0SF0060010BA;142;159;0.00053341
139;0SF0060010BA;145;161;0.09128145
139;0SF0060010BA;146;161;0.07708998
139;0SF0060070BA;131;167;0.02500000
139;0SF0060070BA;132;168;0.04368932
139;0SF0060070BA;138;167;0.90000000
139;0SF0060070BA;138;169;0.00291262
139;0SF0060070BA;142;170;0.02839806
139;0SF0060210BA;128;170;0.42864999
139;0SF0060210BA;129;165;0.57135001
139;0SF0060280BA;126;185;0.00128563
139;0SF0060280BA;126;186;0.00017981
139;0SF0060280BA;127;185;0.03001580
139;0SF0060280BA;127;186;0.01999548
139;0SF0060280BA;127;187;0.01909545
139;0SF0060280BA;128;184;0.00690370
139;0SF0060280BA;128;185;0.00972393
139;0SF0060280BA;129;183;0.00584918
139;0SF0060280BA;129;184;0.01091775
139;0SF0060280BA;129;185;0.00021420
139;0SF0060280BA;130;180;0.00059307
139;0SF0060280BA;130;182;0.01932100
139;0SF0060280BA;130;183;0.02180130
139;0SF0060280BA;130;184;0.00659516
139;0SF0060280BA;130;185;0.00019081
139;0SF0060280BA;130;188;0.00000261
139;0SF0060280BA;131;173;0.01462261
139;0SF0060280BA;131;179;0.00012885
139;0SF0060280BA;131;180;0.00063929
139;0SF0060280BA;131;181;0.04860564
139;0SF0060280BA;131;182;0.01615875
139;0SF0060280BA;131;183;0.00009116
139;0SF0060280BA;131;184;0.00555039
139;0SF0060280BA;131;185;0.00045576
139;0SF0060280BA;131;186;0.00035246
139;0SF0060280BA;132;176;0.01936845
139;0SF0060280BA;132;177;0.00133978
139;0SF0060280BA;132;178;0.00024225
139;0SF0060280BA;132;179;0.02039299
139;0SF0060280BA;132;180;0.04292245
139;0SF0060280BA;132;181;0.00173857
139;0SF0060280BA;132;182;0.00035913
139;0SF0060280BA;132;184;0.00251059
139;0SF0060280BA;132;185;0.00014776
139;0SF0060280BA;132;186;0.00021982
139;0SF0060280BA;132;187;0.00006217
139;0SF0060280BA;133;176;0.07859918
139;0SF0060280BA;133;177;0.05062193
139;0SF0060280BA;133;178;0.04587290
139;0SF0060280BA;133;179;0.01916919
139;0SF0060280BA;133;180;0.00027527
139;0SF0060280BA;133;181;0.00002661
139;0SF0060280BA;133;182;0.00024493
139;0SF0060280BA;133;183;0.00026635
139;0SF0060280BA;133;184;0.00239199
139;0SF0060280BA;133;186;0.00027511
139;0SF0060280BA;134;173;0.02036616
139;0SF0060280BA;134;174;0.06304540
139;0SF0060280BA;134;175;0.09756678
139;0SF0060280BA;134;176;0.05464731
139;0SF0060280BA;134;177;0.01351747
139;0SF0060280BA;134;178;0.00501789
139;0SF0060280BA;134;179;0.00166803
139;0SF0060280BA;134;182;0.00068393
139;0SF0060280BA;134;183;0.00017174
139;0SF0060280BA;134;184;0.00228848
139;0SF0060280BA;134;185;0.00027358
139;0SF0060280BA;134;186;0.00013033
139;0SF0060280BA;135;173;0.12989317
139;0SF0060280BA;135;174;0.02066527
139;0SF0060280BA;135;175;0.03730987
139;0SF0060280BA;135;178;0.00002000
139;0SF0060280BA;135;179;0.00327483
139;0SF0060280BA;135;180;0.00040273
139;0SF0060280BA;135;181;0.00124990
139;0SF0060280BA;135;182;0.00274806
139;0SF0060280BA;135;183;0.00351362
139;0SF0060280BA;135;184;0.00222577
139;0SF0060280BA;135;185;0.00002164
139;0SF0060280BA;136;178;0.00086917
139;0SF0060280BA;136;179;0.00233721
139;0SF0060280BA;136;181;0.00418935
139;0SF0060280BA;137;177;0.00000346
139;0SF0060280BA;137;178;0.00169006
139;0SF0060280BA;137;181;0.00077856
139;0SF0060280BA;137;182;0.00304985
139;0SF0060280BA;137;183;0.00004315
139;0SF0060380BA;131;162;1.00000000
139;0SF0060410BA;130;159;0.03000000
139;0SF0060410BA;130;160;0.04400000
139;0SF0060410BA;130;161;0.01400000
139;0SF0060410BA;131;157;0.90000000
139;0SF0060410BA;131;159;0.00733333
139;0SF0060410BA;131;160;0.00133333
139;0SF0060410BA;133;157;0.00333333
139;0SF0060430BA;139;153;0.00284810
139;0SF0060430BA;140;152;0.02246835
139;0SF0060430BA;141;152;0.00189873
139;0SF0060430BA;141;153;0.00253165
139;0SF0060430BA;141;154;0.00284810
139;0SF0060430BA;142;148;0.00126582
139;0SF0060430BA;142;150;0.01107595
139;0SF0060430BA;142;151;0.30000000
139;0SF0060430BA;142;152;0.00949367
139;0SF0060430BA;142;153;0.01518987
139;0SF0060430BA;145;146;0.00537975
139;0SF0060430BA;147;145;0.00126582
139;0SF0060430BA;148;143;0.30000000
139;0SF0060430BA;148;144;0.30000000
139;0SF0060430BA;149;141;0.02373418
139;0SF0060480BA;134;172;0.00909091
139;0SF0060480BA;135;173;0.75785859
139;0SF0060480BA;136;171;0.02727273
139;0SF0060480BA;136;175;0.05454545
139;0SF0060480BA;137;171;0.00909091
139;0SF0060480BA;137;175;0.14214141
139;0SF0060490BA;123;183;0.32208589
139;0SF0060490BA;124;178;0.08282209
139;0SF0060490BA;124;180;0.21779141
139;0SF0060490BA;125;176;0.04907975
139;0SF0060490BA;125;177;0.02453988
139;0SF0060490BA;126;176;0.15644172
139;0SF0060490BA;127;175;0.14723926
139;0SS006013IMP;273;26;0.10105079
139;0SS006013IMP;275;44;0.06631566
139;0SS006013IMP;281;30;0.00250000
139;0SS006013IMP;283;29;0.20210158
139;0SS006013IMP;284;37;0.06631566
139;0SS006013IMP;285;31;0.00947637
139;0SS006013IMP;286;35;0.04447637
139;0SS006013IMP;286;38;0.01578901
139;0SS006013IMP;287;28;0.02947637
139;0SS006013IMP;287;30;0.18275913
139;0SS006013IMP;287;41;0.00500000
139;0SS006013IMP;290;27;0.15473551
139;0SS006013IMP;301;30;0.10105079
139;0SS006013IMP;305;30;0.01895275
139;0SS0060330SC;259;60;0.11361122
139;0SS0060330SC;261;59;0.14378649
139;0SS0060330SC;262;60;0.00405405
139;0SS0060330SC;265;56;0.00135135
139;0SS0060330SC;265;57;0.16331459
139;0SS0060330SC;269;55;0.00675676
139;0SS0060330SC;270;55;0.37243324
139;0SS0060330SC;272;51;0.08108108
139;0SS0060330SC;275;54;0.11361122
139;0SV006004BUT;144;215;0.32835821
139;0SV006004BUT;145;215;0.17910448
139;0SV006004BUT;146;213;0.49253731
139;0SV006006COL;136;203;1.00000000
139;0SV006011GLE;136;212;0.90000000
139;0SV006011GLE;138;211;0.10000000
139;0SV006031PLA;154;190;0.76470588
139;0SV006031PLA;154;191;0.00420168
139;0SV006031PLA;155;191;0.23109244
139;0SV006034SAC;148;187;0.09172144
139;0SV006034SAC;150;185;0.79298642
139;0SV006034SAC;150;186;0.01694268
139;0SV006034SAC;151;182;0.00127388
139;0SV006034SAC;151;185;0.00560510
139;0SV006034SAC;151;186;0.01057325
139;0SV006034SAC;152;181;0.00012739
139;0SV006034SAC;152;182;0.00203822
139;0SV006034SAC;152;183;0.00815287
139;0SV006034SAC;153;182;0.04063694
139;0SV006034SAC;153;183;0.00063694
139;0SV006034SAC;153;185;0.00012739
139;0SV006034SAC;153;186;0.01146497
139;0SV006034SAC;154;183;0.00025478
139;0SV006034SAC;154;188;0.01720297
139;0SV006034SAC;155;185;0.00025478
139;0SV006045SHA;129;241;0.00760802
139;0SV006045SHA;133;236;0.00160000
139;0SV006045SHA;133;238;0.11324090
139;0SV006045SHA;133;240;0.00560000
139;0SV006045SHA;133;248;0.08112767
139;0SV006045SHA;134;237;0.53222917
139;0SV006045SHA;134;244;0.08112767
139;0SV006045SHA;135;254;0.08112767
139;0SV006045SHA;143;246;0.08112767
139;0SV006045SHA;144;237;0.01521122
139;0SV0060480YS;142;181;0.03636364
139;0SV0060480YS;143;181;0.06363636
139;0SV0060480YS;144;182;0.90000000
139;0SV0060510FR;147;199;0.01637931
139;0SV0060510FR;147;200;0.90000000
139;0SV0060510FR;148;199;0.01120690
139;0SV0060510FR;150;190;0.07241379
139;0SV006052TEH;135;230;0.10142803
139;0SV006052TEH;135;233;0.00951175
139;0SV006052TEH;136;220;0.78763219
139;0SV006052TEH;136;222;0.10142803
139;0SV0060570YS;136;191;0.00156250
139;0SV0060570YS;140;193;0.41739225
139;0SV0060570YS;141;192;0.46303658
139;0SV0060570YS;145;187;0.00585938
139;0SV0060570YS;149;183;0.00273438
139;0SV0060570YS;149;184;0.06015625
139;0SV0060570YS;149;185;0.04925868
139;0SV0060580FR;148;200;0.00130168
139;0SV0060580FR;148;201;0.00081416
139;0SV0060580FR;148;202;0.05425306
139;0SV0060580FR;149;195;0.00044001
139;0SV0060580FR;149;196;0.00680237
139;0SV0060580FR;149;197;0.00103708
139;0SV0060580FR;149;198;0.00218114
139;0SV0060580FR;149;199;0.10972992
139;0SV0060580FR;149;200;0.08470466
139;0SV0060580FR;149;201;0.06110007
139;0SV0060580FR;149;202;0.02007822
139;0SV0060580FR;149;203;0.06926642
139;0SV0060580FR;149;204;0.04371611
139;0SV0060580FR;150;195;0.03945420
139;0SV0060580FR;150;196;0.08925677
139;0SV0060580FR;150;197;0.08489201
139;0SV0060580FR;150;198;0.10299227
139;0SV0060580FR;150;199;0.01265119
139;0SV0060580FR;150;200;0.00219695
139;0SV0060580FR;150;201;0.00941139
139;0SV0060580FR;150;202;0.00869606
139;0SV0060580FR;150;203;0.00060742
139;0SV0060580FR;151;196;0.00148026
139;0SV0060580FR;151;197;0.03058437
139;0SV0060580FR;151;198;0.00054072
139;0SV0060580FR;151;199;0.00381639
139;0SV0060580FR;151;200;0.00357596
139;0SV0060580FR;151;202;0.01549237
139;0SV0060580FR;151;203;0.00061632
139;0SV0060580FR;151;204;0.00000323
139;0SV0060580FR;152;196;0.02357494
139;0SV0060580FR;152;197;0.00062303
139;0SV0060580FR;152;198;0.00019618
139;0SV0060580FR;152;199;0.00427637
139;0SV0060580FR;152;200;0.00291530
139;0SV0060580FR;152;201;0.00063213
139;0SV0060580FR;152;202;0.01526622
139;0SV0060580FR;152;203;0.00238481
139;0SV0060580FR;152;204;0.00014849
139;0SV0060580FR;153;196;0.00004631
139;0SV0060580FR;153;197;0.00038627
139;0SV0060580FR;153;198;0.00032053
139;0SV0060580FR;153;199;0.00243946
139;0SV0060580FR;153;201;0.00354743
139;0SV0060580FR;153;202;0.00848399
139;0SV0060580FR;153;203;0.00513626
139;0SV0060580FR;153;204;0.00480338
139;0SV0060580FR;153;205;0.00090668
139;0SV0060580FR;153;206;0.00019298
139;0SV0060580FR;154;197;0.00005694
139;0SV0060580FR;154;198;0.00047492
139;0SV0060580FR;154;199;0.00035979
139;0SV0060580FR;154;200;0.00031000
139;0SV0060580FR;154;201;0.00445615
139;0SV0060580FR;154;202;0.00764139
139;0SV0060580FR;154;204;0.00213790
139;0SV0060580FR;154;205;0.00587077
139;0SV0060580FR;154;206;0.00147968
139;0SV0060580FR;154;208;0.00020012
139;0SV0060580FR;155;201;0.00870629
139;0SV0060580FR;155;205;0.00514069
139;0SV0060580FR;155;206;0.00005034
139;0SV0060580FR;155;207;0.00036933
139;0SV0060580FR;155;208;0.00057866
139;0SV0060580FR;156;205;0.00120445
139;0SV0060580FR;156;206;0.00401517
139;0SV0060580FR;156;208;0.00031054
139;0SV0060580FR;157;205;0.00003092
139;0SV0060580FR;157;206;0.00546777
139;0SV0060580FR;157;207;0.00376672
139;0SV0060580FR;157;208;0.00159130
139;0SV0060580FR;158;206;0.00162777
139;0SV0060580FR;158;207;0.00064744
139;0SV0060580FR;158;208;0.00028386
139;0SV0060580FR;159;206;0.00031323
139;0SV0060580FR;159;207;0.00199624
139;0SV0060580FR;159;208;0.00033608
139;0SV0060580FR;160;207;0.00040035
139;0SV0060580FR;160;208;0.00152590
139;0SV0060580FR;160;209;0.00067575
139;GBV006002GBU;181;181;0.02431625
139;GBV006002GBU;181;182;0.00420679
139;GBV006002GBU;181;188;0.00159700
139;GBV006002GBU;182;182;0.02874531
139;GBV006002GBU;182;187;0.00096853
139;GBV006002GBU;182;188;0.00107396
139;GBV006002GBU;183;182;0.02774839
139;GBV006002GBU;183;183;0.00011240
139;GBV006002GBU;183;188;0.00164657
139;GBV006002GBU;183;189;0.00160849
139;GBV006002GBU;183;190;0.01884713
139;GBV006002GBU;184;183;0.02786079
139;GBV006002GBU;184;189;0.00041542
139;GBV006002GBU;184;190;0.08084363
139;GBV006002GBU;185;183;0.02786079
139;GBV006002GBU;185;190;0.05717138
139;GBV006002GBU;186;183;0.00754845
139;GBV006002GBU;186;184;0.08316029
139;GBV006002GBU;186;185;0.05494650
139;GBV006002GBU;186;186;0.05032337
139;GBV006002GBU;186;187;0.05032337
139;GBV006002GBU;186;188;0.05125380
139;GBV006002GBU;186;189;0.06177625
139;GBV006002GBU;186;190;0.02514619
139;GBV006002GBU;187;185;0.02821379
139;GBV006002GBU;187;186;0.01657437
139;GBV006002GBU;187;187;0.06355575
139;GBV006002GBU;187;188;0.02064561
139;GBV006002GBU;187;190;0.00041761
139;GBV006002GBU;187;191;0.00173629
139;GBV006002GBU;187;192;0.00011280
139;GBV006002GBU;188;186;0.01626255
139;GBV006002GBU;188;187;0.05801824
139;GBV006002GBU;189;187;0.04860770
139;GBV006002GBU;190;178;0.00372281
139;GBV006002GBU;190;187;0.04860770
139;GBV006002GBU;191;187;0.00402372
139;GBV006014GBU;221;141;0.12857065
139;GBV006014GBU;228;116;0.21428347
139;GBV006014GBU;230;110;0.65714588
139;GBV006026GBU;204;162;1.00000000
139;NCC006027MBU;141;131;0.00037477
139;NCC006027MBU;143;134;0.00018738
139;NCC006027MBU;144;135;0.00031231
139;NCC006027MBU;144;137;0.00056215
139;NCC006027MBU;146;132;0.00074953
139;NCC006027MBU;146;133;0.08257339
139;NCC006027MBU;146;137;0.00106184
139;NCC006027MBU;147;132;0.17867523
139;NCC006027MBU;147;133;0.26376138
139;NCC006027MBU;148;131;0.00012492
139;NCC006027MBU;148;132;0.00081199
139;NCC006027MBU;149;132;0.00106184
139;NCC006027MBU;150;131;0.00037477
139;NCC006027MBU;153;126;0.00037477
139;NCC006027MBU;155;124;0.00031231
139;NCC006027MBU;158;120;0.00074953
139;NCC006027MBU;158;121;0.00062461
139;NCC006027MBU;159;119;0.24576702
139;NCC006027MBU;166;110;0.22154027
139;NCC006035MBU;152;139;1.00000000
139;NCC006044MBU;138;141;0.11363636
139;NCC006044MBU;144;139;0.88636364
139;NEP006018LAS;158;252;0.04913793
139;NEP006018LAS;159;238;0.20929858
139;NEP006018LAS;161;231;0.04913793
139;NEP006018LAS;168;233;0.00172414
139;NEP006018LAS;172;230;0.66976968
139;NEP006018LAS;176;240;0.02093174
139;NEP006025MOD;171;262;1.00000000
139;NEP006047SIS;130;271;0.12413753
139;NEP006047SIS;130;273;0.12413753
139;NEP006047SIS;130;275;0.01164141
139;NEP006047SIS;132;263;0.24827506
139;NEP006047SIS;133;261;0.25602953
139;NEP006047SIS;135;257;0.01164141
139;NEP006047SIS;135;258;0.10000000
139;NEP006047SIS;138;267;0.12413753
139;SCC006040SLO;167;103;0.03200000
139;SCC006040SLO;167;106;0.62038504
139;SCC006040SLO;168;105;0.04400000
139;SCC006040SLO;170;92;0.02400000
139;SCC006040SLO;175;105;0.27961496
139;SCC0060420SB;171;78;0.00041152
139;SCC0060420SB;172;86;0.09382716
139;SCC0060420SB;174;85;0.00576132
139;SCC0060420SB;178;73;0.90000000
139;SCC006056VEN;199;68;0.00124740
139;SCC006056VEN;202;64;0.08711019
139;SCC006056VEN;202;65;0.00415800
139;SCC006056VEN;203;66;0.00665281
139;SCC006056VEN;204;70;0.69995556
139;SCC006056VEN;206;66;0.20004444
139;SCC006056VEN;211;68;0.00083160
139;SJV006010SJU;177;121;0.00012331
139;SJV006010SJU;180;117;0.52363845
139;SJV006010SJU;183;132;0.00073983
139;SJV006010SJU;185;136;0.03440197
139;SJV006010SJU;186;136;0.01689273
139;SJV006010SJU;186;137;0.00049322
139;SJV006010SJU;187;133;0.00271270
139;SJV006010SJU;187;134;0.00653514
139;SJV006010SJU;187;135;0.00012331
139;SJV006010SJU;188;132;0.00073983
139;SJV006010SJU;188;133;0.38474626
139;SJV006010SJU;188;134;0.01676942
139;SJV006010SJU;189;138;0.00073983
139;SJV006010SJU;190;131;0.00826141
139;SJV006010SJU;190;133;0.00135635
139;SJV006010SJU;192;136;0.00036991
139;SJV006010SJU;196;131;0.00049322
139;SJV006010SJU;197;132;0.00086313
139;SJV006015SJU;190;104;0.04323427
139;SJV006015SJU;195;99;0.03897240
139;SJV006015SJU;196;98;0.10412675
139;SJV006015SJU;196;104;0.00034722
139;SJV006015SJU;199;101;0.00057870
139;SJV006015SJU;200;101;0.00497685
139;SJV006015SJU;201;97;0.00081019
139;SJV006015SJU;201;102;0.15978518
139;SJV006015SJU;203;96;0.01157407
139;SJV006015SJU;204;96;0.00636574
139;SJV006015SJU;204;97;0.00162037
139;SJV006015SJU;204;98;0.02719907
139;SJV006015SJU;204;99;0.00034722
139;SJV006015SJU;205;93;0.02801115
139;SJV006015SJU;206;86;0.01035233
139;SJV006015SJU;206;87;0.38849524
139;SJV006015SJU;206;89;0.01278803
139;SJV006015SJU;206;97;0.00196759
139;SJV006015SJU;207;90;0.00694444
139;SJV006015SJU;207;94;0.00694444
139;SJV006015SJU;207;95;0.00694444
139;SJV006015SJU;207;97;0.04578057
139;SJV006015SJU;208;83;0.03897240
139;SJV006015SJU;208;94;0.00694444
139;SJV006015SJU;209;93;0.00694444
139;SJV006015SJU;212;95;0.03897240
139;SJV006016SJU;183;114;0.78747187
139;SJV006016SJU;190;122;0.04638783
139;SJV006016SJU;190;123;0.11252813
139;SJV006016SJU;192;117;0.04334601
139;SJV006016SJU;192;127;0.01026616
139;SJV006020SJU;172;144;0.21015472
139;SJV006020SJU;179;141;0.03333333
139;SJV006020SJU;179;142;0.68984528
139;SJV006020SJU;185;139;0.06666667
139;SJV006024SJU;160;143;0.33109268
139;SJV006024SJU;160;144;0.28510664
139;SJV006024SJU;160;145;0.00788573
139;SJV006024SJU;161;148;0.00189003
139;SJV006024SJU;165;138;0.08408899
139;SJV006024SJU;165;143;0.00206186
139;SJV006024SJU;165;152;0.00429553
139;SJV006024SJU;165;153;0.00395189
139;SJV006024SJU;166;152;0.14652589
139;SJV006024SJU;167;152;0.05446735
139;SJV006024SJU;169;151;0.00103093
139;SJV006024SJU;172;150;0.02010309
139;SJV006024SJU;173;149;0.01151203
139;SJV006024SJU;174;147;0.04204450
139;SJV006024SJU;176;146;0.00394286
139;SJV006039SJU;149;161;0.00378755
139;SJV006039SJU;150;161;0.02268176
139;SJV006039SJU;152;162;0.00021767
139;SJV006039SJU;152;172;0.39166603
139;SJV006039SJU;154;163;0.00117545
139;SJV006039SJU;154;167;0.00021767
139;SJV006039SJU;155;164;0.02080975
139;SJV006039SJU;155;165;0.00121898
139;SJV006039SJU;155;166;0.10819871
139;SJV006039SJU;155;167;0.00513714
139;SJV006039SJU;155;169;0.00030475
139;SJV006039SJU;155;170;0.00052242
139;SJV006039SJU;155;172;0.00030475
139;SJV006039SJU;156;163;0.00113191
139;SJV006039SJU;156;166;0.01732695
139;SJV006039SJU;156;167;0.00187201
139;SJV006039SJU;156;168;0.00213322
139;SJV006039SJU;157;163;0.00339573
139;SJV006039SJU;158;161;0.00034828
139;SJV006039SJU;158;162;0.41249922
139;SJV006039SJU;159;162;0.00008707
139;SJV006039SJU;161;163;0.00496300
139;SJV006050SJU;154;157;0.26181922
139;SJV006050SJU;155;156;0.29045072
139;SJV006050SJU;158;160;0.00075758
139;SJV006050SJU;159;161;0.00075758
139;SJV006050SJU;160;159;0.01439394
139;SJV006050SJU;161;157;0.01006494
139;SJV006050SJU;161;158;0.10149526
139;SJV006050SJU;162;157;0.00043290
139;SJV006050SJU;162;159;0.00963204
139;SJV006050SJU;162;160;0.00010823
139;SJV006050SJU;162;161;0.01233766
139;SJV006050SJU;163;155;0.03279221
139;SJV006050SJU;163;156;0.00194805
139;SJV006050SJU;164;154;0.26181922
139;SJV006050SJU;166;155;0.00119048
139;SJV006054SJU;193;128;0.19862005
139;SJV006054SJU;195;129;0.01862626
139;SJV006054SJU;196;124;0.04429224
139;SJV006054SJU;197;117;0.39724009
139;SJV006054SJU;197;120;0.02831050
139;SJV006054SJU;197;130;0.00319635
139;SJV006054SJU;198;120;0.00228311
139;SJV006054SJU;198;126;0.00182648
139;SJV006054SJU;198;132;0.00456621
139;SJV006054SJU;199;110;0.28551361
139;SJV006054SJU;199;121;0.00913242
139;SJV006054SJU;200;109;0.00639269
