#GRID CA_State4k -684000. -564000. 4000. 4000. 321 291 1 LAMBERT METERS 30. 60. -120.5 -120.5 37.
120;0SC0060300SC;238;46;0.00813008
120;0SC0060300SC;235;52;0.18834688
120;0SC0060300SC;236;52;0.00135501
120;0SC0060300SC;230;53;0.01897019
120;0SC0060300SC;231;53;0.00406504
120;0SC0060300SC;229;54;0.03252033
120;0SC0060300SC;230;54;0.04336043
120;0SC0060300SC;232;54;0.07046070
120;0SC0060300SC;228;55;0.00542005
120;0SC0060300SC;231;56;0.03252033
120;0SC0060300SC;232;56;0.01761518
120;0SC0060300SC;228;57;0.12195122
120;0SC0060300SC;229;57;0.01084011
120;0SC0060300SC;230;57;0.18021680
120;0SC0060300SC;231;57;0.00677507
120;0SC0060300SC;232;57;0.01626016
120;0SC0060300SC;233;57;0.02032520
120;0SC0060300SC;231;58;0.01897019
120;0SC0060300SC;230;59;0.19918699
120;0SC0060300SC;231;59;0.00271003
120;SCC0060420SB;171;78;0.00411523
120;SCC0060420SB;174;85;0.05761317
120;SCC0060420SB;172;86;0.93827160
120;NCC006027MBU;158;120;0.00749532
120;NCC006027MBU;158;121;0.00624610
120;NCC006027MBU;155;124;0.00312305
120;NCC006027MBU;153;126;0.00374766
120;NCC006027MBU;141;131;0.00374766
120;NCC006027MBU;148;131;0.00124922
120;NCC006027MBU;150;131;0.00374766
120;NCC006027MBU;146;132;0.00749532
120;NCC006027MBU;147;132;0.09056839
120;NCC006027MBU;148;132;0.00811993
120;NCC006027MBU;149;132;0.01061836
120;NCC006027MBU;146;133;0.82573392
120;NCC006027MBU;147;133;0.00687071
120;NCC006027MBU;143;134;0.00187383
120;NCC006027MBU;144;135;0.00312305
120;NCC006027MBU;144;137;0.00562149
120;NCC006027MBU;146;137;0.01061836
120;0SV006031PLA;154;190;0.76470588
120;0SV006031PLA;154;191;0.00420168
120;0SV006031PLA;155;191;0.23109244
120;0MC006003AMA;162;179;1.00000000
120;0SS006013IMP;287;28;0.20000000
120;0SS006013IMP;281;30;0.02500000
120;0SS006013IMP;287;30;0.37500000
120;0SS006013IMP;286;35;0.35000000
120;0SS006013IMP;287;41;0.05000000
120;NEP006047SIS;135;258;1.00000000
120;0SF0060490BA;127;175;0.14723926
120;0SF0060490BA;125;176;0.04907975
120;0SF0060490BA;126;176;0.15644172
120;0SF0060490BA;125;177;0.02453988
120;0SF0060490BA;124;178;0.08282209
120;0SF0060490BA;124;180;0.21779141
120;0SF0060490BA;123;183;0.32208589
120;0SF0060430BA;149;141;0.23734177
120;0SF0060430BA;147;145;0.01265823
120;0SF0060430BA;145;146;0.05379747
120;0SF0060430BA;142;148;0.01265823
120;0SF0060430BA;142;150;0.11075949
120;0SF0060430BA;140;152;0.22468354
120;0SF0060430BA;141;152;0.01898734
120;0SF0060430BA;142;152;0.09493671
120;0SF0060430BA;139;153;0.02848101
120;0SF0060430BA;141;153;0.02531646
120;0SF0060430BA;142;153;0.15189873
120;0SF0060430BA;141;154;0.02848101
120;0SV0060570YS;149;183;0.02734375
120;0SV0060570YS;149;184;0.60156250
120;0SV0060570YS;149;185;0.29687500
120;0SV0060570YS;145;187;0.05859375
120;0SV0060570YS;136;191;0.01562500
120;0NC006023MEN;102;209;1.00000000
120;0SV006034SAC;152;181;0.00127389
120;0SV006034SAC;151;182;0.01273885
120;0SV006034SAC;152;182;0.02038217
120;0SV006034SAC;153;182;0.40636943
120;0SV006034SAC;152;183;0.08152866
120;0SV006034SAC;153;183;0.00636943
120;0SV006034SAC;154;183;0.00254777
120;0SV006034SAC;150;185;0.01910828
120;0SV006034SAC;151;185;0.05605096
120;0SV006034SAC;153;185;0.00127389
120;0SV006034SAC;155;185;0.00254777
120;0SV006034SAC;150;186;0.16942675
120;0SV006034SAC;151;186;0.10573248
120;0SV006034SAC;153;186;0.11464968
120;SJV006020SJU;185;139;0.66666667
120;SJV006020SJU;179;141;0.33333333
120;SJV006054SJU;200;109;0.06392694
120;SJV006054SJU;197;120;0.28310502
120;SJV006054SJU;198;120;0.02283105
120;SJV006054SJU;199;121;0.09132420
120;SJV006054SJU;196;124;0.44292237
120;SJV006054SJU;198;126;0.01826484
120;SJV006054SJU;197;130;0.03196347
120;SJV006054SJU;198;132;0.04566210
120;0SD0060370SD;253;22;0.01281553
120;0SD0060370SD;254;22;0.02407767
120;0SD0060370SD;250;25;0.49941748
120;0SD0060370SD;249;26;0.28000000
120;0SD0060370SD;248;27;0.00155340
120;0SD0060370SD;248;28;0.00116505
120;0SD0060370SD;249;28;0.00155340
120;0SD0060370SD;250;28;0.01514563
120;0SD0060370SD;247;29;0.00349515
120;0SD0060370SD;249;29;0.01242718
120;0SD0060370SD;254;29;0.01514563
120;0SD0060370SD;249;30;0.00349515
120;0SD0060370SD;248;31;0.00427184
120;0SD0060370SD;249;31;0.06873786
120;0SD0060370SD;251;32;0.00194175
120;0SD0060370SD;246;37;0.00155340
120;0SD0060370SD;249;37;0.00155340
120;0SD0060370SD;247;38;0.01825243
120;0SD0060370SD;248;38;0.01514563
120;0SD0060370SD;249;38;0.00854369
120;0SD0060370SD;250;38;0.00155340
120;0SD0060370SD;245;39;0.00038835
120;0SD0060370SD;248;39;0.00155340
120;0SD0060370SD;245;40;0.00621359
120;NCC006035MBU;152;139;1.00000000
120;0SV006045SHA;133;236;0.01600000
120;0SV006045SHA;134;237;0.32800000
120;0SV006045SHA;133;238;0.60000000
120;0SV006045SHA;133;240;0.05600000
120;SJV006050SJU;163;155;0.32792208
120;SJV006050SJU;166;155;0.01190476
120;SJV006050SJU;163;156;0.01948052
120;SJV006050SJU;161;157;0.10064935
120;SJV006050SJU;162;157;0.00432900
120;SJV006050SJU;161;158;0.15584416
120;SJV006050SJU;160;159;0.14393939
120;SJV006050SJU;162;159;0.09632035
120;SJV006050SJU;158;160;0.00757576
120;SJV006050SJU;162;160;0.00108225
120;SJV006050SJU;159;161;0.00757576
120;SJV006050SJU;162;161;0.12337662
120;SJV006010SJU;177;121;0.00123305
120;SJV006010SJU;190;131;0.08261406
120;SJV006010SJU;196;131;0.00493218
120;SJV006010SJU;183;132;0.00739827
120;SJV006010SJU;188;132;0.00739827
120;SJV006010SJU;197;132;0.00863132
120;SJV006010SJU;187;133;0.02712700
120;SJV006010SJU;188;133;0.08384710
120;SJV006010SJU;190;133;0.01356350
120;SJV006010SJU;187;134;0.06535142
120;SJV006010SJU;188;134;0.16769420
120;SJV006010SJU;187;135;0.00123305
120;SJV006010SJU;185;136;0.34401973
120;SJV006010SJU;186;136;0.16892725
120;SJV006010SJU;192;136;0.00369914
120;SJV006010SJU;186;137;0.00493218
120;SJV006010SJU;189;138;0.00739827
120;0SV006011GLE;138;211;1.00000000
120;NEP006018LAS;161;231;0.49137931
120;NEP006018LAS;168;233;0.01724138
120;NEP006018LAS;158;252;0.49137931
120;SCC006040SLO;170;92;0.24000000
120;SCC006040SLO;167;103;0.32000000
120;SCC006040SLO;168;105;0.44000000
120;0SF0060410BA;133;157;0.03333333
120;0SF0060410BA;130;159;0.30000000
120;0SF0060410BA;131;159;0.07333333
120;0SF0060410BA;130;160;0.44000000
120;0SF0060410BA;131;160;0.01333333
120;0SF0060410BA;130;161;0.14000000
120;SJV006039SJU;149;161;0.03787549
120;SJV006039SJU;150;161;0.22681759
120;SJV006039SJU;158;161;0.00348280
120;SJV006039SJU;152;162;0.00217675
120;SJV006039SJU;159;162;0.00087070
120;SJV006039SJU;154;163;0.01175446
120;SJV006039SJU;156;163;0.01131911
120;SJV006039SJU;157;163;0.03395734
120;SJV006039SJU;161;163;0.04962995
120;SJV006039SJU;155;164;0.20809752
120;SJV006039SJU;155;165;0.01218981
120;SJV006039SJU;155;166;0.12363953
120;SJV006039SJU;156;166;0.17326948
120;SJV006039SJU;154;167;0.00217675
120;SJV006039SJU;155;167;0.05137135
120;SJV006039SJU;156;167;0.01872007
120;SJV006039SJU;156;168;0.02133217
120;SJV006039SJU;155;169;0.00304745
120;SJV006039SJU;155;170;0.00522421
120;SJV006039SJU;155;172;0.00304745
120;0SC0060360SC;236;60;0.00107296
120;0SC0060360SC;235;61;0.06824034
120;0SC0060360SC;236;61;0.06866953
120;0SC0060360SC;238;61;0.00729614
120;0SC0060360SC;234;62;0.00107296
120;0SC0060360SC;235;62;0.00965665
120;0SC0060360SC;237;62;0.00236052
120;0SC0060360SC;238;62;0.03283262
120;0SC0060360SC;239;62;0.01416309
120;0SC0060360SC;243;62;0.00171674
120;0SC0060360SC;237;63;0.02210300
120;0SC0060360SC;238;63;0.02060086
120;0SC0060360SC;239;63;0.01716738
120;0SC0060360SC;240;63;0.15965665
120;0SC0060360SC;241;63;0.24699571
120;0SC0060360SC;243;63;0.00150215
120;0SC0060360SC;236;64;0.00085837
120;0SC0060360SC;238;64;0.00686695
120;0SC0060360SC;239;64;0.08605150
120;0SC0060360SC;240;64;0.02896996
120;0SC0060360SC;244;64;0.07339056
120;0SC0060360SC;245;64;0.04034335
120;0SC0060360SC;241;65;0.03347639
120;0SC0060360SC;243;66;0.03047210
120;0SC0060360SC;242;67;0.02446352
120;0SV0060510FR;150;190;0.72413793
120;0SV0060510FR;147;199;0.16379310
120;0SV0060510FR;148;199;0.11206897
120;0SC0060330SC;248;48;0.03355263
120;0SC0060330SC;249;57;0.00197368
120;0SC0060330SC;250;57;0.00526316
120;0SC0060330SC;237;58;0.00065789
120;0SC0060330SC;238;58;0.01907895
120;0SC0060330SC;239;58;0.07368421
120;0SC0060330SC;240;58;0.04144737
120;0SC0060330SC;238;59;0.02434211
120;0SC0060330SC;242;59;0.00394737
120;0SC0060330SC;244;59;0.40592105
120;0SC0060330SC;245;59;0.08355263
120;0SC0060330SC;244;60;0.01184211
120;0SC0060330SC;253;60;0.00592105
120;0SC0060330SC;243;61;0.03223684
120;0SC0060330SC;244;61;0.00986842
120;0SC0060330SC;238;62;0.05065789
120;0SC0060330SC;239;62;0.10197368
120;0SC0060330SC;242;62;0.09407895
120;0SF0060070BA;131;167;0.25000000
120;0SF0060070BA;132;168;0.43689320
120;0SF0060070BA;138;169;0.02912621
120;0SF0060070BA;142;170;0.28398058
120;SCC006056VEN;202;64;0.87110187
120;SCC006056VEN;202;65;0.04158004
120;SCC006056VEN;203;66;0.06652807
120;SCC006056VEN;199;68;0.01247401
120;SCC006056VEN;211;68;0.00831601
120;0MC006055TUO;172;165;1.00000000
120;0SV006004BUT;146;213;0.49253731
120;0SV006004BUT;144;215;0.32835821
120;0SV006004BUT;145;215;0.17910448
120;NEP006025MOD;171;262;1.00000000
120;0MD0060190AV;225;78;0.51075269
120;0MD0060190AV;225;79;0.07526882
120;0MD0060190AV;225;80;0.01612903
120;0MD0060190AV;223;81;0.39784946
120;0SF0060010BA;141;154;0.00056148
120;0SF0060010BA;139;156;0.00238630
120;0SF0060010BA;140;156;0.01445817
120;0SF0060010BA;137;158;0.00266704
120;0SF0060010BA;138;158;0.00519371
120;0SF0060010BA;136;159;0.00070185
120;0SF0060010BA;137;159;0.01796743
120;0SF0060010BA;138;159;0.01094891
120;0SF0060010BA;142;159;0.00533408
120;0SF0060010BA;136;160;0.00322852
120;0SF0060010BA;135;161;0.00126334
120;0SF0060010BA;136;161;0.00645705
120;0SF0060010BA;145;161;0.16268950
120;0SF0060010BA;146;161;0.02077485
120;0SF0060010BA;135;162;0.14991578
120;0SF0060010BA;133;163;0.35541830
120;0SF0060010BA;134;163;0.07678271
120;0SF0060010BA;135;163;0.00028074
120;0SF0060010BA;132;164;0.02933745
120;0SF0060010BA;133;164;0.13363279
120;0SF0060380BA;131;162;1.00000000
120;NCC006044MBU;144;139;0.88636364
120;NCC006044MBU;138;141;0.11363636
120;SJV006016SJU;192;117;0.43346008
120;SJV006016SJU;190;122;0.46387833
120;SJV006016SJU;192;127;0.10266160
120;0NC006012NCU;96;244;0.52631579
120;0NC006012NCU;96;245;0.47368421
120;0SF0060480BA;136;171;0.27272727
120;0SF0060480BA;137;171;0.09090909
120;0SF0060480BA;134;172;0.09090909
120;0SF0060480BA;136;175;0.54545455
120;SJV006024SJU;165;143;0.02061856
120;SJV006024SJU;161;148;0.01890034
120;SJV006024SJU;173;149;0.11512027
120;SJV006024SJU;172;150;0.20103093
120;SJV006024SJU;169;151;0.01030928
120;SJV006024SJU;165;152;0.04295533
120;SJV006024SJU;166;152;0.00687285
120;SJV006024SJU;167;152;0.54467354
120;SJV006024SJU;165;153;0.03951890
120;0SV0060480YS;142;181;0.36363636
120;0SV0060480YS;143;181;0.63636364
120;SJV006015SJU;207;90;0.06944444
120;SJV006015SJU;209;93;0.06944444
120;SJV006015SJU;207;94;0.06944444
120;SJV006015SJU;208;94;0.06944444
120;SJV006015SJU;207;95;0.06944444
120;SJV006015SJU;203;96;0.11574074
120;SJV006015SJU;204;96;0.06365741
120;SJV006015SJU;201;97;0.00810185
120;SJV006015SJU;204;97;0.01620370
120;SJV006015SJU;206;97;0.01967593
120;SJV006015SJU;207;97;0.02546296
120;SJV006015SJU;204;98;0.27199074
120;SJV006015SJU;204;99;0.00347222
120;SJV006015SJU;199;101;0.00578704
120;SJV006015SJU;200;101;0.04976852
120;SJV006015SJU;201;102;0.06944444
120;SJV006015SJU;196;104;0.00347222
120;0SC0060190SC;221;53;0.00005333
120;0SC0060190SC;223;53;0.03204991
120;0SC0060190SC;222;54;0.09428328
120;0SC0060190SC;223;54;0.27415742
120;0SC0060190SC;224;54;0.12617321
120;0SC0060190SC;223;55;0.13065273
120;0SC0060190SC;224;55;0.01919795
120;0SC0060190SC;222;56;0.00175981
120;0SC0060190SC;223;56;0.00207978
120;0SC0060190SC;222;57;0.00127986
120;0SC0060190SC;223;57;0.03578285
120;0SC0060190SC;225;57;0.00117321
120;0SC0060190SC;228;57;0.00159983
120;0SC0060190SC;222;58;0.00085324
120;0SC0060190SC;224;58;0.00026664
120;0SC0060190SC;227;58;0.02453072
120;0SC0060190SC;228;58;0.02298422
120;0SC0060190SC;220;59;0.00143985
120;0SC0060190SC;225;59;0.00522611
120;0SC0060190SC;226;59;0.00010666
120;0SC0060190SC;220;60;0.00015998
120;0SC0060190SC;223;60;0.01231869
120;0SC0060190SC;224;60;0.00079991
120;0SC0060190SC;225;60;0.00170648
120;0SC0060190SC;226;60;0.01071886
120;0SC0060190SC;227;60;0.00127986
120;0SC0060190SC;221;61;0.00047995
120;0SC0060190SC;222;61;0.00026664
120;0SC0060190SC;223;61;0.02261092
120;0SC0060190SC;224;61;0.03951578
120;0SC0060190SC;225;61;0.00991894
120;0SC0060190SC;226;61;0.00063993
120;0SC0060190SC;229;61;0.00047995
120;0SC0060190SC;230;61;0.01599829
120;0SC0060190SC;231;61;0.00527944
120;0SC0060190SC;232;61;0.01503840
120;0SC0060190SC;218;62;0.00010666
120;0SC0060190SC;223;62;0.01194539
120;0SC0060190SC;226;62;0.01013225
120;0SC0060190SC;227;62;0.00026664
120;0SC0060190SC;228;62;0.01695819
120;0SC0060190SC;229;62;0.01370520
120;0SC0060190SC;234;62;0.00005333
120;0SC0060190SC;223;63;0.00373294
120;0SC0060190SC;227;63;0.00970563
120;0SC0060190SC;228;63;0.00042662
120;0SC0060190SC;229;63;0.00117321
120;0SC0060190SC;230;63;0.00186647
120;0SC0060190SC;222;64;0.00549275
120;0SC0060190SC;223;64;0.00026664
120;0SC0060190SC;228;64;0.00085324
120;0SC0060190SC;229;64;0.00127986
120;0SC0060190SC;230;64;0.00021331
120;0SC0060190SC;234;64;0.00058660
120;0SC0060190SC;222;65;0.00021331
120;0SC0060190SC;217;66;0.00106655
120;0SC0060190SC;218;66;0.00031997
120;0SC0060190SC;225;66;0.00005333
120;0SC0060190SC;215;67;0.00015998
120;0SC0060190SC;216;67;0.00042662
120;0SC0060190SC;220;67;0.00533276
120;0SC0060190SC;222;67;0.00005333
120;0SC0060190SC;215;68;0.00026664
120;0SC0060190SC;218;68;0.00042662
120;0SC0060190SC;217;69;0.00005333
120;0MD006015KER;230;88;1.00000000
120;0MD006036MOJ;244;73;0.24568966
120;0MD006036MOJ;244;76;0.24568966
120;0MD006036MOJ;241;77;0.00862069
120;0MD006036MOJ;257;85;0.24568966
120;0MD006036MOJ;249;86;0.24568966
120;0MD006036MOJ;250;86;0.00862069
120;0SS0060330SC;272;51;0.81081081
120;0SS0060330SC;269;55;0.06756757
120;0SS0060330SC;270;55;0.06756757
120;0SS0060330SC;265;56;0.01351351
120;0SS0060330SC;262;60;0.04054054
