#GRID CA_State4k -684000. -564000. 4000. 4000. 321 291 1 LAMBERT METERS 30. 60. -120.5 -120.5 37.
130;0SC0060300SC;229;52;0.16666667
130;0SC0060300SC;229;54;0.16666667
130;0SC0060300SC;229;56;0.16666667
130;0SC0060300SC;234;57;0.33333333
130;0SC0060300SC;229;58;0.16666667
130;0SV006052TEH;136;220;0.78763219
130;0SV006052TEH;136;222;0.10142803
130;0SV006052TEH;135;230;0.10142803
130;0SV006052TEH;135;233;0.00951175
130;0SV006006COL;136;203;1.00000000
130;SCC0060420SB;178;73;1.00000000
130;GBV006026GBU;204;162;1.00000000
130;NCC006027MBU;166;110;0.24615586
130;NCC006027MBU;159;119;0.27307447
130;NCC006027MBU;147;132;0.18846488
130;NCC006027MBU;147;133;0.29230479
130;0SS006013IMP;273;26;0.11227866
130;0SS006013IMP;290;27;0.17192834
130;0SS006013IMP;287;28;0.01052930
130;0SS006013IMP;283;29;0.22455731
130;0SS006013IMP;287;30;0.16139903
130;0SS006013IMP;301;30;0.11227866
130;0SS006013IMP;305;30;0.02105861
130;0SS006013IMP;285;31;0.01052930
130;0SS006013IMP;286;35;0.01052930
130;0SS006013IMP;284;37;0.07368407
130;0SS006013IMP;286;38;0.01754334
130;0SS006013IMP;275;44;0.07368407
130;NEP006047SIS;135;257;0.01293490
130;NEP006047SIS;133;261;0.28447726
130;NEP006047SIS;132;263;0.27586118
130;NEP006047SIS;138;267;0.13793059
130;NEP006047SIS;130;271;0.13793059
130;NEP006047SIS;130;273;0.13793059
130;NEP006047SIS;130;275;0.01293490
130;0SF0060430BA;148;143;0.33333333
130;0SF0060430BA;148;144;0.33333333
130;0SF0060430BA;142;151;0.33333333
130;0SV0060570YS;149;185;0.02174575
130;0SV0060570YS;141;192;0.51448509
130;0SV0060570YS;140;193;0.46376917
130;0NC006023MEN;115;201;0.70768265
130;0NC006023MEN;112;208;0.04616760
130;0NC006023MEN;111;212;0.01538561
130;0NC006023MEN;110;213;0.13845818
130;0NC006023MEN;107;219;0.09230596
130;0SV006034SAC;150;185;0.87897288
130;0SV006034SAC;148;187;0.10191271
130;0SV006034SAC;154;188;0.01911441
130;SJV006020SJU;179;142;0.76649476
130;SJV006020SJU;172;144;0.23350524
130;SJV006054SJU;199;110;0.31723734
130;SJV006054SJU;197;117;0.44137788
130;SJV006054SJU;193;128;0.22068894
130;SJV006054SJU;195;129;0.02069584
130;0SD0060370SD;254;22;0.47692027
130;0SD0060370SD;264;28;0.09846213
130;0SD0060370SD;260;30;0.09846213
130;0SD0060370SD;246;34;0.09846213
130;0SD0060370SD;251;40;0.06461683
130;0SD0060370SD;242;41;0.15384289
130;0SD0060370SD;248;46;0.00923361
130;0MC006032NSI;173;218;0.39997900
130;0MC006032NSI;165;221;0.19999200
130;0MC006032NSI;161;224;0.15004025
130;0MC006032NSI;158;231;0.24998875
130;0SV006045SHA;134;237;0.55492130
130;0SV006045SHA;144;237;0.01690135
130;0SV006045SHA;133;238;0.05915656
130;0SV006045SHA;129;241;0.00845335
130;0SV006045SHA;134;244;0.09014186
130;0SV006045SHA;143;246;0.09014186
130;0SV006045SHA;133;248;0.09014186
130;0SV006045SHA;135;254;0.09014186
130;SJV006050SJU;164;154;0.29091025
130;SJV006050SJU;155;156;0.32272302
130;SJV006050SJU;154;157;0.29091025
130;SJV006050SJU;161;158;0.09545649
130;SJV006010SJU;180;117;0.58182050
130;SJV006010SJU;188;133;0.41817950
130;0SF0060210BA;129;165;0.57135001
130;0SF0060210BA;128;170;0.42864999
130;0SV006011GLE;136;212;1.00000000
130;NEP006018LAS;172;230;0.74418853
130;NEP006018LAS;159;238;0.23255398
130;NEP006018LAS;176;240;0.02325749
130;0NC006008NCU;107;277;1.00000000
130;SCC006040SLO;175;105;0.31068329
130;SCC006040SLO;167;106;0.68931671
130;0SF0060410BA;131;157;1.00000000
130;0MC006029NSI;176;204;0.24427312
130;0MC006029NSI;175;205;0.48854624
130;0MC006029NSI;176;205;0.24427312
130;0MC006029NSI;179;205;0.02290752
130;SJV006039SJU;158;162;0.45833247
130;SJV006039SJU;155;166;0.10648306
130;SJV006039SJU;152;172;0.43518448
130;0SC0060360SC;235;61;0.00211188
130;0SC0060360SC;249;62;0.02251990
130;0SC0060360SC;238;63;0.78113595
130;0SC0060360SC;240;63;0.11470926
130;0SC0060360SC;242;63;0.03237205
130;0SC0060360SC;244;63;0.04715097
130;0SV0060510FR;147;200;1.00000000
130;0SC0060330SC;248;46;0.02256187
130;0SC0060330SC;249;47;0.02256187
130;0SC0060330SC;247;49;0.02256187
130;0SC0060330SC;245;52;0.02256187
130;0SC0060330SC;252;55;0.02256187
130;0SC0060330SC;246;56;0.02256187
130;0SC0060330SC;244;60;0.02256187
130;0SC0060330SC;247;60;0.02256187
130;0SC0060330SC;251;60;0.24058732
130;0SC0060330SC;255;60;0.04512375
130;0SC0060330SC;256;60;0.53379394
130;0NC006053NCU;122;241;0.69999600
130;0NC006053NCU;109;248;0.30000400
130;0SF0060070BA;138;167;1.00000000
130;SCC006056VEN;206;66;0.22227160
130;SCC006056VEN;204;70;0.77772840
130;0MC006046NSI;182;214;1.00000000
130;0MD0060190AV;227;76;0.50000000
130;0MD0060190AV;224;79;0.50000000
130;0SF0060010BA;140;155;0.16669444
130;0SF0060010BA;141;157;0.08334722
130;0SF0060010BA;145;161;0.08334722
130;0SF0060010BA;146;161;0.08334722
130;0SF0060010BA;135;162;0.58326390
130;GBV006014GBU;230;110;0.65714588
130;GBV006014GBU;228;116;0.21428347
130;GBV006014GBU;221;141;0.12857065
130;SJV006016SJU;183;114;0.87496875
130;SJV006016SJU;190;123;0.12503125
130;0NC006012NCU;97;239;0.63013169
130;0NC006012NCU;101;248;0.04110835
130;0NC006012NCU;97;254;0.16437998
130;0NC006012NCU;97;255;0.16437998
130;0SF0060480BA;135;173;0.84206510
130;0SF0060480BA;137;175;0.15793490
130;SJV006024SJU;165;138;0.09343221
130;SJV006024SJU;160;143;0.36788076
130;SJV006024SJU;160;144;0.31678516
130;SJV006024SJU;160;145;0.00876192
130;SJV006024SJU;176;146;0.00438096
130;SJV006024SJU;174;147;0.04671611
130;SJV006024SJU;166;152;0.16204289
130;0MC006031PLA;164;200;0.33333333
130;0MC006031PLA;164;201;0.33333333
130;0MC006031PLA;168;204;0.33333333
130;0SV0060480YS;144;182;1.00000000
130;SJV006015SJU;208;83;0.04330267
130;SJV006015SJU;206;86;0.01150259
130;SJV006015SJU;206;87;0.43166138
130;SJV006015SJU;206;89;0.01420892
130;SJV006015SJU;205;93;0.03112350
130;SJV006015SJU;212;95;0.04330267
130;SJV006015SJU;207;97;0.04803808
130;SJV006015SJU;196;98;0.11569639
130;SJV006015SJU;195;99;0.04330267
130;SJV006015SJU;201;102;0.16982304
130;SJV006015SJU;190;104;0.04803808
130;0SC0060190SC;222;56;0.00493577
130;0SC0060190SC;226;58;0.00493577
130;0SC0060190SC;225;60;0.07565830
130;0SC0060190SC;226;60;0.31578757
130;0SC0060190SC;230;64;0.00493577
130;0SC0060190SC;214;72;0.00493577
130;0SC0060190SC;214;74;0.11842239
130;0SC0060190SC;208;82;0.47038864
130;0MD006015KER;234;88;0.91426204
130;0MD006015KER;222;91;0.04286898
130;0MD006015KER;214;94;0.04286898
130;0MD006036MOJ;240;69;0.01241940
130;0MD006036MOJ;240;71;0.02091534
130;0MD006036MOJ;241;72;0.19672947
130;0MD006036MOJ;257;84;0.01372592
130;0MD006036MOJ;259;84;0.03006552
130;0MD006036MOJ;261;84;0.04183069
130;0MD006036MOJ;248;85;0.33136910
130;0MD006036MOJ;305;85;0.00392281
130;0MD006036MOJ;249;86;0.15359357
130;0MD006036MOJ;252;86;0.01372592
130;0MD006036MOJ;290;86;0.04183069
130;0MD006036MOJ;254;87;0.00196141
130;0MD006036MOJ;238;88;0.03333344
130;0MD006036MOJ;261;90;0.04183069
130;0MD006036MOJ;278;102;0.04183069
130;0MD006036MOJ;281;103;0.02091534
130;0SS0060330SC;275;54;0.12623469
130;0SS0060330SC;270;55;0.40630720
130;0SS0060330SC;265;57;0.18146065
130;0SS0060330SC;261;59;0.15976277
130;0SS0060330SC;259;60;0.12623469
130;0MD006033MOJ;299;54;0.91426204
130;0MD006033MOJ;303;54;0.08573796
