#GRID CA_State4k -684000. -564000. 4000. 4000. 321 291 1 LAMBERT METERS 30. 60. -120.5 -120.5 37.
860;0SC0060300SC;237;45;0.00006527
860;0SC0060300SC;238;45;0.01792294
860;0SC0060300SC;236;46;0.01960784
860;0SC0060300SC;238;46;0.00161963
860;0SC0060300SC;235;47;0.00004078
860;0SC0060300SC;237;47;0.07843137
860;0SC0060300SC;234;48;0.00000471
860;0SC0060300SC;235;48;0.02442890
860;0SC0060300SC;234;49;0.00648066
860;0SC0060300SC;235;49;0.02786849
860;0SC0060300SC;231;50;0.05882353
860;0SC0060300SC;237;50;0.01960784
860;0SC0060300SC;230;51;0.01909926
860;0SC0060300SC;231;51;0.00050858
860;0SC0060300SC;236;51;0.01139231
860;0SC0060300SC;237;51;0.06703907
860;0SC0060300SC;226;53;0.00076529
860;0SC0060300SC;227;53;0.00459802
860;0SC0060300SC;228;53;0.00604663
860;0SC0060300SC;231;53;0.07843137
860;0SC0060300SC;226;54;0.00072960
860;0SC0060300SC;227;54;0.01350938
860;0SC0060300SC;228;54;0.03317461
860;0SC0060300SC;227;56;0.01960784
860;0SC0060300SC;228;56;0.05848407
860;0SC0060300SC;229;56;0.00033946
860;0SC0060300SC;230;56;0.03921569
860;0SC0060300SC;231;56;0.07843137
860;0SC0060300SC;233;56;0.12573151
860;0SC0060300SC;234;56;0.04224845
860;0SC0060300SC;229;57;0.03921569
860;0SC0060300SC;233;57;0.00849062
860;0SC0060300SC;234;57;0.01960784
860;0SC0060300SC;229;58;0.04623856
860;0SC0060300SC;230;58;0.03219281
860;SCC0060420SB;185;71;0.00003124
860;SCC0060420SB;187;71;0.18333666
860;SCC0060420SB;184;72;0.00941003
860;SCC0060420SB;185;72;0.16266732
860;SCC0060420SB;186;72;0.01029830
860;SCC0060420SB;187;72;0.61666334
860;SCC0060420SB;185;73;0.01759310
860;NCC006027MBU;142;130;0.01409453
860;NCC006027MBU;143;130;0.00450984
860;NCC006027MBU;142;131;0.18131666
860;NCC006027MBU;143;131;0.00007897
860;NCC006027MBU;146;133;0.00013869
860;NCC006027MBU;147;133;0.79986131
860;0SV006031PLA;154;192;0.02215826
860;0SV006031PLA;155;192;0.08474498
860;0SV006031PLA;158;192;0.50000000
860;0SV006031PLA;154;193;0.34508975
860;0SV006031PLA;155;193;0.04800701
860;0MC006005CAL;169;165;0.01373470
860;0MC006005CAL;168;166;0.03573278
860;0MC006005CAL;169;166;0.24798986
860;0MC006005CAL;170;166;0.09930504
860;0MC006005CAL;168;167;0.00145787
860;0MC006005CAL;169;167;0.30590000
860;0MC006005CAL;170;167;0.00030910
860;0MC006005CAL;171;167;0.00014578
860;0MC006005CAL;168;168;0.15593531
860;0MC006005CAL;169;168;0.04026842
860;0MC006005CAL;167;169;0.06595752
860;0MC006005CAL;170;170;0.03092195
860;0MC006005CAL;170;171;0.00234168
860;0SS006013IMP;289;31;0.07374108
860;0SS006013IMP;290;31;0.92625892
860;NEP006047SIS;134;260;0.01068791
860;NEP006047SIS;133;261;0.30076927
860;NEP006047SIS;134;261;0.68854282
860;0SF0060490BA;129;178;0.18102464
860;0SF0060490BA;120;179;0.00360380
860;0SF0060490BA;120;180;0.00076070
860;0SF0060490BA;124;180;0.01951145
860;0SF0060490BA;125;180;0.00075795
860;0SF0060490BA;123;181;0.02444641
860;0SF0060490BA;124;181;0.26370002
860;0SF0060490BA;125;181;0.04449821
860;0SF0060490BA;122;182;0.00111310
860;0SF0060490BA;123;182;0.04291415
860;0SF0060490BA;124;182;0.27459825
860;0SF0060490BA;125;182;0.01608198
860;0SF0060490BA;126;182;0.03357640
860;0SF0060490BA;123;183;0.00718395
860;0SF0060490BA;124;183;0.00011890
860;0SF0060490BA;125;183;0.06550667
860;0SF0060490BA;126;183;0.01577467
860;0SF0060490BA;124;184;0.00007347
860;0SF0060490BA;125;184;0.00475530
860;0SF0060430BA;148;142;0.05882353
860;0SF0060430BA;146;143;0.00637510
860;0SF0060430BA;147;143;0.02857806
860;0SF0060430BA;148;143;0.05671449
860;0SF0060430BA;149;143;0.00844091
860;0SF0060430BA;146;144;0.00115597
860;0SF0060430BA;147;144;0.09328483
860;0SF0060430BA;148;144;0.01229190
860;0SF0060430BA;149;144;0.00612293
860;0SF0060430BA;147;145;0.00272208
860;0SF0060430BA;137;148;0.00005471
860;0SF0060430BA;138;148;0.00007507
860;0SF0060430BA;143;148;0.03921569
860;0SF0060430BA;137;149;0.00053131
860;0SF0060430BA;138;149;0.00072869
860;0SF0060430BA;139;149;0.03246839
860;0SF0060430BA;140;149;0.02635514
860;0SF0060430BA;142;149;0.05850116
860;0SF0060430BA;143;149;0.03921569
860;0SF0060430BA;136;150;0.00004990
860;0SF0060430BA;137;150;0.00267594
860;0SF0060430BA;138;150;0.00000396
860;0SF0060430BA;140;150;0.07272536
860;0SF0060430BA;142;150;0.02534574
860;0SF0060430BA;143;150;0.05340800
860;0SF0060430BA;144;150;0.01960784
860;0SF0060430BA;135;151;0.00001833
860;0SF0060430BA;136;151;0.00188955
860;0SF0060430BA;137;151;0.00627798
860;0SF0060430BA;138;151;0.00033198
860;0SF0060430BA;139;151;0.01858251
860;0SF0060430BA;140;151;0.05468234
860;0SF0060430BA;141;151;0.05020563
860;0SF0060430BA;143;151;0.00152479
860;0SF0060430BA;144;151;0.01808306
860;0SF0060430BA;135;152;0.00546568
860;0SF0060430BA;136;152;0.00049696
860;0SF0060430BA;139;152;0.05870611
860;0SF0060430BA;143;152;0.07843137
860;0SF0060430BA;135;153;0.00100225
860;0SF0060430BA;136;153;0.00000553
860;0SF0060430BA;142;153;0.01960784
860;0SF0060430BA;142;154;0.03921569
860;0SV0060570YS;145;184;0.06326971
860;0SV0060570YS;146;184;0.93673029
860;0NC006023MEN;108;190;0.00685562
860;0NC006023MEN;107;191;0.01280080
860;0NC006023MEN;108;191;0.10351607
860;0NC006023MEN;107;192;0.06141002
860;0NC006023MEN;107;193;0.01541750
860;0NC006023MEN;117;205;0.20000000
860;0NC006023MEN;112;208;0.60000000
860;0SV006034SAC;154;177;0.00249365
860;0SV006034SAC;155;177;0.00514367
860;0SV006034SAC;156;177;0.00048319
860;0SV006034SAC;154;178;0.00092394
860;0SV006034SAC;155;178;0.00116533
860;0SV006034SAC;156;178;0.00052755
860;0SV006034SAC;154;179;0.00146991
860;0SV006034SAC;155;179;0.00572557
860;0SV006034SAC;156;179;0.00110589
860;0SV006034SAC;155;180;0.00179458
860;0SV006034SAC;156;180;0.00000006
860;0SV006034SAC;151;181;0.00098424
860;0SV006034SAC;152;181;0.08234910
860;0SV006034SAC;150;182;0.02083333
860;0SV006034SAC;151;184;0.00431768
860;0SV006034SAC;152;184;0.05079507
860;0SV006034SAC;151;185;0.10199557
860;0SV006034SAC;152;185;0.02663048
860;0SV006034SAC;153;185;0.02083333
860;0SV006034SAC;155;185;0.00247372
860;0SV006034SAC;149;186;0.01723687
860;0SV006034SAC;150;186;0.00332467
860;0SV006034SAC;151;186;0.08709453
860;0SV006034SAC;153;186;0.02083333
860;0SV006034SAC;154;186;0.12897835
860;0SV006034SAC;155;186;0.01044311
860;0SV006034SAC;156;186;0.00791650
860;0SV006034SAC;157;186;0.00110554
860;0SV006034SAC;158;186;0.05600925
860;0SV006034SAC;159;186;0.00282008
860;0SV006034SAC;149;187;0.00027180
860;0SV006034SAC;150;187;0.08333333
860;0SV006034SAC;154;187;0.01963213
860;0SV006034SAC;156;187;0.06250000
860;0SV006034SAC;157;187;0.01731433
860;0SV006034SAC;158;187;0.02806090
860;0SV006034SAC;159;187;0.01688952
860;0SV006034SAC;154;188;0.08055619
860;0SV006034SAC;155;188;0.02083333
860;0SV006034SAC;157;188;0.00178730
860;0SV006034SAC;158;188;0.00071544
860;0SV006034SAC;159;188;0.00029765
860;SJV006020SJU;180;139;0.01027993
860;SJV006020SJU;181;139;0.00284959
860;SJV006020SJU;182;139;0.00338844
860;SJV006020SJU;183;139;0.00405961
860;SJV006020SJU;184;139;0.00021887
860;SJV006020SJU;180;140;0.19941385
860;SJV006020SJU;181;140;0.02283232
860;SJV006020SJU;182;140;0.08103496
860;SJV006020SJU;183;140;0.02446323
860;SJV006020SJU;184;140;0.01522185
860;SJV006020SJU;180;141;0.01462431
860;SJV006020SJU;181;141;0.00287134
860;SJV006020SJU;182;141;0.08405669
860;SJV006020SJU;183;141;0.02529409
860;SJV006020SJU;184;141;0.00233718
860;SJV006020SJU;185;141;0.00621761
860;SJV006020SJU;183;142;0.00070330
860;SJV006020SJU;185;142;0.00013283
860;SJV006020SJU;192;150;0.08604803
860;SJV006020SJU;190;151;0.00616940
860;SJV006020SJU;191;151;0.16366947
860;SJV006020SJU;192;151;0.00847487
860;SJV006020SJU;190;152;0.23563824
860;0SV0060580FR;154;197;0.00281617
860;0SV0060580FR;154;198;0.00805036
860;0SV0060580FR;155;198;0.00386447
860;0SV0060580FR;149;199;0.76768319
860;0SV0060580FR;150;199;0.00161912
860;0SV0060580FR;154;199;0.00495631
860;0SV0060580FR;149;200;0.04682544
860;0SV0060580FR;150;200;0.05157552
860;0SV0060580FR;151;200;0.01843876
860;0SV0060580FR;152;200;0.01306545
860;0SV0060580FR;150;201;0.00613040
860;0SV0060580FR;151;201;0.02947012
860;0SV0060580FR;152;201;0.03821647
860;0SV0060580FR;154;201;0.00121157
860;0SV0060580FR;155;201;0.00607665
860;SJV006054SJU;203;117;0.26749809
860;SJV006054SJU;204;117;0.09613828
860;SJV006054SJU;196;120;0.01009504
860;SJV006054SJU;197;120;0.08529940
860;SJV006054SJU;198;120;0.02638642
860;SJV006054SJU;196;121;0.02473601
860;SJV006054SJU;197;121;0.03530131
860;SJV006054SJU;197;124;0.27272727
860;SJV006054SJU;201;125;0.00091946
860;SJV006054SJU;202;125;0.01415778
860;SJV006054SJU;203;125;0.00780982
860;SJV006054SJU;204;125;0.00283723
860;SJV006054SJU;201;126;0.00986645
860;SJV006054SJU;202;126;0.03453477
860;SJV006054SJU;203;126;0.02051647
860;SJV006054SJU;204;126;0.00026713
860;SJV006054SJU;198;129;0.09090909
860;0SD0060370SD;250;22;0.02380952
860;0SD0060370SD;251;22;0.03571429
860;0SD0060370SD;252;22;0.00559863
860;0SD0060370SD;251;23;0.00237275
860;0SD0060370SD;252;23;0.01377375
860;0SD0060370SD;251;24;0.01859323
860;0SD0060370SD;252;24;0.01918545
860;0SD0060370SD;251;25;0.03869873
860;0SD0060370SD;252;25;0.00892031
860;0SD0060370SD;248;26;0.00655343
860;0SD0060370SD;249;26;0.01693860
860;0SD0060370SD;250;26;0.00933600
860;0SD0060370SD;252;26;0.04761905
860;0SD0060370SD;247;27;0.05637066
860;0SD0060370SD;248;27;0.03014984
860;0SD0060370SD;249;27;0.08852543
860;0SD0060370SD;250;27;0.00256877
860;0SD0060370SD;246;28;0.00015320
860;0SD0060370SD;247;28;0.02680947
860;0SD0060370SD;248;28;0.01190476
860;0SD0060370SD;249;28;0.00068984
860;0SD0060370SD;250;28;0.00000254
860;0SD0060370SD;253;28;0.02380952
860;0SD0060370SD;254;28;0.00318597
860;0SD0060370SD;255;28;0.00301737
860;0SD0060370SD;246;29;0.01190476
860;0SD0060370SD;248;29;0.01567667
860;0SD0060370SD;249;29;0.00907927
860;0SD0060370SD;250;29;0.01303424
860;0SD0060370SD;254;29;0.03722277
860;0SD0060370SD;255;29;0.00446427
860;0SD0060370SD;257;29;0.00586248
860;0SD0060370SD;248;30;0.03291088
860;0SD0060370SD;249;30;0.00072396
860;0SD0060370SD;250;30;0.00000100
860;0SD0060370SD;253;30;0.04761905
860;0SD0060370SD;254;30;0.03482713
860;0SD0060370SD;255;30;0.00061583
860;0SD0060370SD;257;30;0.03349972
860;0SD0060370SD;258;30;0.00625320
860;0SD0060370SD;259;30;0.00172109
860;0SD0060370SD;248;31;0.00171827
860;0SD0060370SD;249;31;0.00090265
860;0SD0060370SD;257;31;0.00016204
860;0SD0060370SD;258;31;0.00000848
860;0SD0060370SD;259;31;0.00011205
860;0SD0060370SD;248;32;0.01106436
860;0SD0060370SD;249;32;0.05774329
860;0SD0060370SD;250;32;0.01025001
860;0SD0060370SD;251;32;0.00165475
860;0SD0060370SD;249;33;0.00008536
860;0SD0060370SD;250;33;0.02372417
860;0SD0060370SD;252;33;0.01190476
860;0SD0060370SD;251;34;0.02691095
860;0SD0060370SD;251;35;0.00880334
860;0SD0060370SD;249;38;0.00027535
860;0SD0060370SD;250;38;0.00700265
860;0SD0060370SD;251;38;0.00077122
860;0SD0060370SD;243;39;0.02338717
860;0SD0060370SD;244;39;0.00042236
860;0SD0060370SD;246;39;0.01190476
860;0SD0060370SD;249;39;0.00078544
860;0SD0060370SD;250;39;0.01280598
860;0SD0060370SD;251;39;0.00216889
860;0SD0060370SD;245;40;0.01190463
860;0SD0060370SD;246;40;0.02380952
860;0SD0060370SD;245;41;0.00000013
860;0SV006045SHA;143;236;0.16112818
860;0SV006045SHA;133;237;0.34064583
860;0SV006045SHA;142;237;0.00553849
860;0SV006045SHA;132;238;0.03810967
860;0SV006045SHA;133;238;0.07914766
860;0SV006045SHA;134;238;0.00941706
860;0SV006045SHA;132;239;0.12855699
860;0SV006045SHA;133;239;0.03240487
860;0SV006045SHA;134;239;0.03838457
860;0SV006045SHA;152;250;0.05194237
860;0SV006045SHA;153;250;0.06054941
860;0SV006045SHA;153;251;0.05417488
860;SJV006050SJU;164;154;0.00033862
860;SJV006050SJU;165;154;0.01572145
860;SJV006050SJU;161;155;0.01392059
860;SJV006050SJU;162;155;0.02089021
860;SJV006050SJU;164;155;0.00015883
860;SJV006050SJU;165;155;0.07471974
860;SJV006050SJU;166;155;0.07410338
860;SJV006050SJU;167;155;0.01823103
860;SJV006050SJU;161;156;0.02214748
860;SJV006050SJU;162;156;0.03395081
860;SJV006050SJU;165;156;0.01393613
860;SJV006050SJU;166;156;0.09695609
860;SJV006050SJU;167;156;0.05598814
860;SJV006050SJU;168;156;0.01348295
860;SJV006050SJU;161;158;0.00306885
860;SJV006050SJU;162;158;0.08784024
860;SJV006050SJU;160;159;0.13206502
860;SJV006050SJU;161;159;0.25954804
860;SJV006050SJU;162;159;0.02470967
860;SJV006050SJU;160;160;0.03551786
860;SJV006050SJU;161;160;0.00270486
860;SJV006010SJU;191;133;0.01627949
860;SJV006010SJU;192;133;0.08829841
860;SJV006010SJU;191;134;0.00390936
860;SJV006010SJU;192;134;0.00262385
860;SJV006010SJU;187;135;0.04683821
860;SJV006010SJU;188;135;0.06427291
860;SJV006010SJU;186;136;0.22222222
860;SJV006010SJU;188;136;0.44444444
860;SJV006010SJU;185;137;0.05555556
860;SJV006010SJU;191;138;0.00002754
860;SJV006010SJU;192;138;0.00030963
860;SJV006010SJU;189;139;0.00013250
860;SJV006010SJU;190;139;0.00068545
860;SJV006010SJU;192;139;0.00311372
860;SJV006010SJU;193;139;0.00013099
860;SJV006010SJU;189;141;0.00920268
860;SJV006010SJU;190;141;0.03240525
860;SJV006010SJU;191;141;0.00651266
860;SJV006010SJU;193;141;0.00286747
860;SJV006010SJU;189;142;0.00008027
860;SJV006010SJU;190;142;0.00008740
860;0SF0060210BA;129;165;0.27083595
860;0SF0060210BA;128;166;0.01135120
860;0SF0060210BA;129;166;0.21781285
860;0SF0060210BA;128;167;0.01854789
860;0SF0060210BA;129;167;0.10535577
860;0SF0060210BA;128;168;0.00503290
860;0SF0060210BA;129;168;0.12106344
860;0SF0060210BA;127;169;0.21459997
860;0SF0060210BA;128;169;0.03536329
860;0SF0060210BA;127;170;0.00003674
860;0NC006008NCU;100;264;0.02084173
860;0NC006008NCU;99;265;0.00245687
860;0NC006008NCU;100;265;0.72859996
860;0NC006008NCU;99;266;0.00182422
860;0NC006008NCU;100;266;0.16541011
860;0NC006008NCU;99;267;0.00103854
860;0NC006008NCU;100;267;0.05397252
860;0NC006008NCU;99;268;0.02157883
860;0NC006008NCU;99;269;0.00016859
860;0NC006008NCU;98;271;0.00410864
860;0SF0060280BA;134;173;0.00029876
860;0SF0060280BA;134;174;0.09061033
860;0SF0060280BA;132;177;0.10178006
860;0SF0060280BA;133;177;0.26185630
860;0SF0060280BA;134;177;0.36363636
860;0SF0060280BA;133;178;0.14734497
860;0SF0060280BA;134;178;0.03447321
860;SCC006040SLO;192;85;0.02062523
860;SCC006040SLO;193;85;0.01403394
860;SCC006040SLO;192;86;0.00212755
860;SCC006040SLO;169;90;0.30000000
860;SCC006040SLO;193;92;0.00053881
860;SCC006040SLO;167;94;0.20000000
860;SCC006040SLO;167;95;0.24424821
860;SCC006040SLO;168;95;0.01298011
860;SCC006040SLO;167;96;0.14277168
860;SCC006040SLO;182;96;0.00299361
860;SCC006040SLO;183;96;0.00748737
860;SCC006040SLO;181;97;0.03209028
860;SCC006040SLO;181;98;0.02010320
860;0SF0060410BA;134;155;0.09090909
860;0SF0060410BA;133;156;0.03765218
860;0SF0060410BA;133;157;0.34037267
860;0SF0060410BA;132;158;0.12739090
860;0SF0060410BA;133;158;0.04003880
860;0SF0060410BA;129;159;0.36363636
860;0MC006029NSI;159;196;0.09629184
860;0MC006029NSI;160;196;0.12180278
860;0MC006029NSI;156;197;0.11111111
860;0MC006029NSI;159;197;0.22634983
860;0MC006029NSI;159;201;0.03649698
860;0MC006029NSI;159;202;0.18572524
860;0MC006029NSI;160;202;0.00960382
860;0MC006029NSI;161;202;0.10066549
860;0MC006029NSI;161;203;0.00084180
860;0MC006029NSI;178;204;0.11101200
860;0MC006029NSI;178;205;0.00009911
860;SJV006039SJU;152;160;0.00005643
860;SJV006039SJU;151;161;0.05008171
860;SJV006039SJU;152;161;0.02830560
860;SJV006039SJU;153;161;0.00499691
860;SJV006039SJU;158;161;0.01950439
860;SJV006039SJU;159;161;0.00035201
860;SJV006039SJU;151;162;0.06102940
860;SJV006039SJU;152;162;0.02097958
860;SJV006039SJU;153;162;0.01198832
860;SJV006039SJU;154;162;0.00210961
860;SJV006039SJU;157;162;0.00628901
860;SJV006039SJU;158;162;0.04924998
860;SJV006039SJU;159;162;0.05348903
860;SJV006039SJU;152;163;0.00380756
860;SJV006039SJU;153;163;0.00488978
860;SJV006039SJU;154;163;0.02004741
860;SJV006039SJU;156;163;0.13260135
860;SJV006039SJU;157;163;0.01718698
860;SJV006039SJU;158;163;0.00307951
860;SJV006039SJU;153;164;0.00018701
860;SJV006039SJU;154;164;0.04416580
860;SJV006039SJU;155;164;0.01191644
860;SJV006039SJU;156;164;0.13889928
860;SJV006039SJU;157;164;0.03494568
860;SJV006039SJU;154;165;0.02845663
860;SJV006039SJU;155;165;0.01846354
860;SJV006039SJU;156;165;0.01069882
860;SJV006039SJU;154;168;0.08333333
860;SJV006039SJU;155;169;0.08333333
860;SJV006039SJU;152;172;0.00224672
860;SJV006039SJU;153;172;0.01682489
860;SJV006039SJU;154;172;0.00487768
860;SJV006039SJU;152;173;0.00265764
860;SJV006039SJU;153;173;0.01968253
860;SJV006039SJU;154;173;0.00599540
860;SJV006039SJU;153;174;0.00090490
860;SJV006039SJU;154;174;0.00236580
860;0SC0060360SC;235;61;0.07017544
860;0SC0060360SC;234;62;0.04153709
860;0SC0060360SC;235;62;0.06107732
860;0SC0060360SC;236;62;0.02019260
860;0SC0060360SC;240;62;0.00428843
860;0SC0060360SC;241;62;0.01325543
860;0SC0060360SC;243;62;0.04227514
860;0SC0060360SC;244;62;0.08053187
860;0SC0060360SC;245;62;0.01008492
860;0SC0060360SC;246;62;0.07460582
860;0SC0060360SC;247;62;0.00082709
860;0SC0060360SC;249;62;0.00741367
860;0SC0060360SC;250;62;0.04526646
860;0SC0060360SC;237;63;0.01754386
860;0SC0060360SC;244;63;0.01615881
860;0SC0060360SC;245;63;0.00138505
860;0SC0060360SC;246;63;0.00220147
860;0SC0060360SC;247;63;0.03508772
860;0SC0060360SC;249;63;0.00050529
860;0SC0060360SC;250;63;0.05207773
860;0SC0060360SC;236;64;0.07017544
860;0SC0060360SC;237;64;0.03233817
860;0SC0060360SC;238;64;0.04831973
860;0SC0060360SC;243;64;0.07017544
860;0SC0060360SC;237;65;0.01711076
860;0SC0060360SC;238;65;0.04258222
860;0SC0060360SC;244;65;0.05947476
860;0SC0060360SC;245;65;0.01914336
860;0SC0060360SC;244;66;0.00662766
860;0SC0060360SC;245;66;0.00247351
860;0SC0060360SC;241;67;0.00578990
860;0SC0060360SC;242;67;0.00297789
860;0SC0060360SC;241;68;0.00795470
860;0SC0060360SC;242;68;0.00082137
860;0SC0060360SC;254;68;0.00017254
860;0SC0060360SC;255;68;0.00281566
860;0SC0060360SC;254;69;0.00872001
860;0SC0060360SC;255;69;0.00583565
860;0SC0060330SC;248;48;0.04377172
860;0SC0060330SC;249;48;0.05158079
860;0SC0060330SC;247;49;0.01793567
860;0SC0060330SC;248;49;0.05805778
860;0SC0060330SC;249;49;0.01822422
860;0SC0060330SC;245;50;0.01310030
860;0SC0060330SC;246;50;0.00193943
860;0SC0060330SC;247;50;0.05834634
860;0SC0060330SC;245;51;0.00403077
860;0SC0060330SC;260;51;0.00833392
860;0SC0060330SC;250;53;0.00744289
860;0SC0060330SC;251;53;0.00000580
860;0SC0060330SC;248;54;0.00566437
860;0SC0060330SC;249;54;0.01909547
860;0SC0060330SC;250;54;0.02498523
860;0SC0060330SC;251;54;0.00001775
860;0SC0060330SC;252;54;0.03814100
860;0SC0060330SC;239;56;0.01015836
860;0SC0060330SC;246;56;0.03814100
860;0SC0060330SC;252;56;0.01672034
860;0SC0060330SC;253;56;0.00235016
860;0SC0060330SC;236;57;0.00495401
860;0SC0060330SC;237;57;0.00940491
860;0SC0060330SC;238;57;0.03814100
860;0SC0060330SC;239;57;0.06612365
860;0SC0060330SC;252;57;0.00000963
860;0SC0060330SC;236;58;0.01218311
860;0SC0060330SC;237;58;0.03927696
860;0SC0060330SC;238;58;0.00005749
860;0SC0060330SC;243;58;0.00066847
860;0SC0060330SC;251;58;0.00178943
860;0SC0060330SC;252;58;0.00025636
860;0SC0060330SC;253;58;0.00020697
860;0SC0060330SC;237;59;0.00818371
860;0SC0060330SC;238;59;0.00222182
860;0SC0060330SC;240;59;0.03814100
860;0SC0060330SC;241;59;0.03373931
860;0SC0060330SC;242;59;0.02213968
860;0SC0060330SC;243;59;0.01533178
860;0SC0060330SC;246;59;0.07628201
860;0SC0060330SC;251;59;0.00079438
860;0SC0060330SC;252;59;0.01386521
860;0SC0060330SC;253;59;0.00214851
860;0SC0060330SC;241;60;0.01468071
860;0SC0060330SC;242;60;0.10414507
860;0SC0060330SC;243;61;0.01132153
860;0SC0060330SC;244;61;0.04588998
860;0SF0060070BA;139;164;0.02348636
860;0SF0060070BA;140;164;0.01099640
860;0SF0060070BA;138;165;0.00000089
860;0SF0060070BA;139;165;0.00489073
860;0SF0060070BA;138;166;0.00832897
860;0SF0060070BA;139;166;0.02126217
860;0SF0060070BA;138;167;0.13793103
860;0SF0060070BA;146;167;0.06896552
860;0SF0060070BA;132;168;0.02740053
860;0SF0060070BA;133;168;0.21397878
860;0SF0060070BA;139;168;0.03448276
860;0SF0060070BA;140;168;0.10344828
860;0SF0060070BA;144;168;0.05031995
860;0SF0060070BA;139;169;0.10344828
860;0SF0060070BA;144;169;0.19105936
860;SCC006056VEN;201;64;0.00585317
860;SCC006056VEN;201;65;0.12317909
860;SCC006056VEN;206;65;0.06672622
860;SCC006056VEN;207;65;0.12682217
860;SCC006056VEN;201;66;0.03317421
860;SCC006056VEN;202;66;0.00078139
860;SCC006056VEN;204;66;0.06577305
860;SCC006056VEN;205;66;0.02861214
860;SCC006056VEN;200;67;0.08663235
860;SCC006056VEN;201;67;0.02515026
860;SCC006056VEN;202;67;0.01895533
860;SCC006056VEN;204;67;0.00082350
860;SCC006056VEN;205;67;0.00156551
860;SCC006056VEN;200;68;0.01931155
860;SCC006056VEN;201;68;0.13857556
860;SCC006056VEN;210;68;0.00986080
860;SCC006056VEN;211;68;0.05048938
860;SCC006056VEN;211;69;0.00416595
860;SCC006056VEN;199;72;0.12903226
860;SCC006056VEN;200;72;0.06451613
860;0MC006055TUO;176;167;0.02074763
860;0MC006055TUO;175;168;0.01824263
860;0MC006055TUO;176;168;0.78864861
860;0MC006055TUO;177;168;0.10369908
860;0MC006055TUO;176;169;0.00176900
860;0MC006055TUO;177;169;0.06689304
860;0SV006004BUT;149;215;0.01775120
860;0SV006004BUT;150;215;0.08404243
860;0SV006004BUT;149;216;0.86260328
860;0SV006004BUT;150;216;0.03424350
860;0SV006004BUT;152;217;0.00135959
860;0MC0060090ED;164;187;0.32020375
860;0MC0060090ED;165;187;0.03887406
860;0MC0060090ED;168;187;0.12500000
860;0MC0060090ED;164;188;0.10029813
860;0MC0060090ED;165;188;0.04062405
860;0MC0060090ED;167;189;0.04363625
860;0MC0060090ED;167;190;0.33136375
860;0MD0060190AV;223;77;0.19631525
860;0MD0060190AV;223;78;0.00368475
860;0MD0060190AV;226;79;0.80000000
860;0SF0060010BA;139;156;0.04113068
860;0SF0060010BA;138;157;0.09332519
860;0SF0060010BA;139;157;0.03029789
860;0SF0060010BA;138;158;0.08366244
860;0SF0060010BA;139;158;0.00158380
860;0SF0060010BA;138;159;0.01335752
860;0SF0060010BA;139;159;0.00232004
860;0SF0060010BA;138;160;0.04090868
860;0SF0060010BA;139;160;0.00218952
860;0SF0060010BA;145;160;0.00638348
860;0SF0060010BA;135;161;0.10832759
860;0SF0060010BA;136;161;0.01950704
860;0SF0060010BA;138;161;0.04836709
860;0SF0060010BA;141;161;0.02826150
860;0SF0060010BA;145;161;0.02933081
860;0SF0060010BA;135;162;0.01502251
860;0SF0060010BA;136;162;0.03571429
860;0SF0060010BA;141;162;0.00745279
860;0SF0060010BA;134;163;0.07142857
860;0SF0060010BA;136;163;0.10714286
860;0SF0060010BA;134;164;0.03571429
860;0SF0060010BA;134;165;0.12998061
860;0SF0060010BA;133;166;0.03571429
860;0SF0060010BA;134;166;0.01287653
860;0SF0060380BA;130;162;0.29871163
860;0SF0060380BA;131;162;0.20128837
860;0SF0060380BA;130;163;0.29632209
860;0SF0060380BA;130;164;0.03701124
860;0SF0060380BA;131;164;0.16666667
860;NCC006044MBU;138;141;0.00147752
860;NCC006044MBU;139;141;0.36261555
860;NCC006044MBU;140;141;0.18283899
860;NCC006044MBU;138;142;0.07428328
860;NCC006044MBU;139;142;0.01514829
860;NCC006044MBU;136;145;0.34896157
860;NCC006044MBU;136;146;0.01467479
860;SJV006016SJU;187;122;0.28573737
860;SJV006016SJU;188;122;0.14884329
860;SJV006016SJU;187;123;0.32344491
860;SJV006016SJU;188;123;0.24197443
860;0NC006012NCU;98;225;0.01219474
860;0NC006012NCU;100;227;0.04964769
860;0NC006012NCU;100;228;0.14219980
860;0NC006012NCU;97;229;0.00000454
860;0NC006012NCU;98;229;0.01216556
860;0NC006012NCU;100;229;0.13203565
860;0NC006012NCU;97;230;0.10449276
860;0NC006012NCU;98;230;0.00866893
860;0NC006012NCU;99;230;0.00369698
860;0NC006012NCU;100;230;0.00513423
860;0NC006012NCU;101;230;0.00055160
860;0NC006012NCU;103;230;0.01005932
860;0NC006012NCU;98;231;0.10723388
860;0NC006012NCU;99;231;0.30719190
860;0NC006012NCU;102;231;0.01135076
860;0NC006012NCU;103;231;0.06987944
860;0NC006012NCU;99;232;0.02349223
860;0SF0060480BA;136;171;0.11111111
860;0SF0060480BA;134;173;0.22947662
860;0SF0060480BA;135;173;0.10385671
860;0SF0060480BA;138;176;0.44104963
860;0SF0060480BA;139;176;0.11393615
860;0SF0060480BA;140;176;0.00056978
860;SJV006024SJU;168;140;0.00273100
860;SJV006024SJU;168;141;0.00540343
860;SJV006024SJU;169;141;0.00186406
860;SJV006024SJU;168;142;0.01966563
860;SJV006024SJU;169;142;0.00523610
860;SJV006024SJU;170;142;0.00047337
860;SJV006024SJU;167;143;0.00109584
860;SJV006024SJU;168;143;0.01585454
860;SJV006024SJU;169;143;0.03136071
860;SJV006024SJU;170;143;0.00636518
860;SJV006024SJU;167;144;0.00731404
860;SJV006024SJU;168;144;0.00414635
860;SJV006024SJU;169;144;0.00906983
860;SJV006024SJU;167;145;0.00053104
860;SJV006024SJU;171;150;0.11100055
860;SJV006024SJU;173;150;0.43114187
860;SJV006024SJU;169;151;0.33333333
860;SJV006024SJU;171;151;0.00011056
860;SJV006024SJU;173;151;0.01330257
860;0NC0060490NS;119;180;0.03401463
860;0NC0060490NS;120;180;0.11139501
860;0NC0060490NS;119;181;0.00469115
860;0NC0060490NS;120;181;0.03416537
860;0NC0060490NS;122;186;0.81573383
860;0SV0060480YS;140;178;0.28477195
860;0SV0060480YS;141;178;0.44268585
860;0SV0060480YS;140;179;0.04856139
860;0SV0060480YS;141;179;0.22398082
860;SJV006015SJU;203;95;0.02714858
860;SJV006015SJU;204;95;0.01062141
860;SJV006015SJU;203;96;0.09285142
860;SJV006015SJU;204;96;0.02937859
860;SJV006015SJU;199;97;0.02261173
860;SJV006015SJU;200;97;0.08392005
860;SJV006015SJU;201;97;0.14959946
860;SJV006015SJU;202;97;0.14570896
860;SJV006015SJU;203;97;0.03319957
860;SJV006015SJU;204;97;0.04000000
860;SJV006015SJU;199;98;0.01101543
860;SJV006015SJU;200;98;0.04268286
860;SJV006015SJU;201;98;0.07126194
860;SJV006015SJU;202;98;0.02777410
860;SJV006015SJU;203;98;0.01222590
860;SJV006015SJU;202;99;0.04120953
860;SJV006015SJU;203;99;0.09359214
860;SJV006015SJU;204;99;0.03399659
860;SJV006015SJU;203;100;0.01841813
860;SJV006015SJU;204;100;0.01278361
860;0SC0060190SC;224;54;0.01010101
860;0SC0060190SC;225;54;0.02020202
860;0SC0060190SC;221;55;0.08080808
860;0SC0060190SC;224;56;0.03702294
860;0SC0060190SC;225;56;0.00338110
860;0SC0060190SC;227;57;0.02577176
860;0SC0060190SC;220;58;0.02020202
860;0SC0060190SC;222;58;0.02020202
860;0SC0060190SC;227;58;0.01406854
860;0SC0060190SC;228;58;0.01066475
860;0SC0060190SC;224;59;0.01010101
860;0SC0060190SC;226;59;0.01010101
860;0SC0060190SC;221;60;0.03030303
860;0SC0060190SC;222;60;0.00638400
860;0SC0060190SC;227;60;0.06755235
860;0SC0060190SC;218;61;0.01418169
860;0SC0060190SC;219;61;0.02593067
860;0SC0060190SC;222;61;0.01381802
860;0SC0060190SC;224;61;0.00203672
860;0SC0060190SC;225;61;0.02655357
860;0SC0060190SC;226;61;0.02200638
860;0SC0060190SC;227;61;0.00315472
860;0SC0060190SC;232;61;0.00012919
860;0SC0060190SC;233;61;0.02924437
860;0SC0060190SC;218;62;0.00029168
860;0SC0060190SC;222;62;0.00916721
860;0SC0060190SC;225;62;0.01722177
860;0SC0060190SC;226;62;0.00288863
860;0SC0060190SC;233;62;0.00092947
860;0SC0060190SC;222;63;0.02113582
860;0SC0060190SC;225;63;0.00688892
860;0SC0060190SC;226;63;0.00321209
860;0SC0060190SC;229;63;0.01010101
860;0SC0060190SC;231;63;0.04040404
860;0SC0060190SC;232;63;0.00037423
860;0SC0060190SC;234;63;0.04040404
860;0SC0060190SC;211;64;0.03600684
860;0SC0060190SC;212;64;0.00011701
860;0SC0060190SC;218;64;0.00096283
860;0SC0060190SC;219;64;0.00913818
860;0SC0060190SC;232;64;0.01078309
860;0SC0060190SC;233;64;0.00369245
860;0SC0060190SC;234;64;0.01608048
860;0SC0060190SC;235;64;0.02432356
860;0SC0060190SC;211;65;0.00283751
860;0SC0060190SC;212;65;0.00144268
860;0SC0060190SC;221;65;0.01021940
860;0SC0060190SC;222;65;0.03018464
860;0SC0060190SC;225;65;0.02020202
860;0SC0060190SC;226;65;0.03030303
860;0SC0060190SC;228;65;0.02020202
860;0SC0060190SC;232;65;0.00230276
860;0SC0060190SC;233;65;0.01315050
860;0SC0060190SC;216;66;0.00340995
860;0SC0060190SC;217;66;0.00480721
860;0SC0060190SC;218;66;0.02020202
860;0SC0060190SC;214;67;0.00003282
860;0SC0060190SC;215;67;0.01006819
860;0SC0060190SC;216;67;0.00812482
860;0SC0060190SC;217;67;0.00608559
860;0SC0060190SC;218;67;0.00455333
860;0SC0060190SC;217;68;0.01019877
860;0SC0060190SC;218;68;0.02342639
860;0SC0060190SC;217;69;0.01005571
860;0SC0060190SC;218;69;0.01014631
860;0MD006015KER;213;92;0.08149433
860;0MD006015KER;214;92;0.11850567
860;0MD006015KER;233;106;0.44806159
860;0MD006015KER;234;106;0.35193841
860;0MD006036MOJ;264;65;0.16387376
860;0MD006036MOJ;265;65;0.00806346
860;0MD006036MOJ;264;66;0.03960366
860;0MD006036MOJ;265;66;0.02375324
860;0MD006036MOJ;268;66;0.03083069
860;0MD006036MOJ;269;66;0.01009173
860;0MD006036MOJ;270;66;0.08251708
860;0MD006036MOJ;271;66;0.08472378
860;0MD006036MOJ;272;66;0.01243024
860;0MD006036MOJ;270;67;0.01073781
860;0MD006036MOJ;271;67;0.00396280
860;0MD006036MOJ;241;72;0.00683562
860;0MD006036MOJ;242;72;0.04177474
860;0MD006036MOJ;243;72;0.00264332
860;0MD006036MOJ;242;73;0.00756984
860;0MD006036MOJ;245;73;0.06074799
860;0MD006036MOJ;246;73;0.03275712
860;0MD006036MOJ;245;74;0.06142943
860;0MD006036MOJ;246;74;0.08035957
860;0MD006036MOJ;245;75;0.11752699
860;0MD006036MOJ;246;75;0.11776713
860;0SS0060330SC;264;51;0.03399108
860;0SS0060330SC;268;54;0.01555904
860;0SS0060330SC;269;54;0.04441353
860;0SS0060330SC;267;55;0.14234781
860;0SS0060330SC;268;55;0.21990554
860;0SS0060330SC;269;55;0.14701731
860;0SS0060330SC;269;56;0.09488790
860;0SS0060330SC;263;57;0.12643908
860;0SS0060330SC;263;58;0.17543870
860;0SV006052TEH;124;218;0.00089436
860;0SV006052TEH;127;218;0.00288598
860;0SV006052TEH;128;218;0.00013592
860;0SV006052TEH;136;218;0.00094457
860;0SV006052TEH;137;218;0.00000015
860;0SV006052TEH;136;219;0.00047734
860;0SV006052TEH;137;219;0.01198498
860;0SV006052TEH;129;220;0.00124503
860;0SV006052TEH;136;220;0.01058504
860;0SV006052TEH;137;220;0.01701837
860;0SV006052TEH;138;220;0.00127988
860;0SV006052TEH;139;220;0.00085424
860;0SV006052TEH;135;221;0.00053769
860;0SV006052TEH;136;221;0.02132385
860;0SV006052TEH;137;221;0.05262658
860;0SV006052TEH;138;221;0.01263301
860;0SV006052TEH;139;221;0.00605125
860;0SV006052TEH;140;221;0.00238491
860;0SV006052TEH;135;222;0.00038509
860;0SV006052TEH;136;222;0.00317902
860;0SV006052TEH;137;222;0.01693685
860;0SV006052TEH;138;222;0.00131598
860;0SV006052TEH;131;223;0.00021631
860;0SV006052TEH;132;223;0.00416155
860;0SV006052TEH;133;223;0.00053511
860;0SV006052TEH;137;223;0.00455265
860;0SV006052TEH;138;223;0.00036628
860;0SV006052TEH;139;223;0.00272237
860;0SV006052TEH;131;224;0.00308913
860;0SV006052TEH;132;224;0.00789067
860;0SV006052TEH;133;224;0.00359079
860;0SV006052TEH;137;224;0.00777858
860;0SV006052TEH;138;224;0.02650121
860;0SV006052TEH;139;224;0.01167613
860;0SV006052TEH;136;225;0.00076390
860;0SV006052TEH;137;225;0.02043935
860;0SV006052TEH;138;225;0.00657840
860;0SV006052TEH;139;225;0.00110045
860;0SV006052TEH;136;226;0.00327872
860;0SV006052TEH;137;226;0.00617980
860;0SV006052TEH;138;226;0.02872557
860;0SV006052TEH;139;226;0.00211024
860;0SV006052TEH;134;227;0.00739837
860;0SV006052TEH;135;227;0.04716033
860;0SV006052TEH;136;227;0.04795523
860;0SV006052TEH;137;227;0.00617378
860;0SV006052TEH;138;227;0.01661088
860;0SV006052TEH;134;228;0.00899971
860;0SV006052TEH;135;228;0.07291839
860;0SV006052TEH;136;228;0.14646093
860;0SV006052TEH;137;228;0.02910409
860;0SV006052TEH;135;229;0.05231569
860;0SV006052TEH;136;229;0.02374025
860;0SV006052TEH;137;229;0.00807497
860;0SV006052TEH;135;230;0.00492064
860;0SV006052TEH;136;230;0.01409651
860;0SV006052TEH;135;231;0.03398392
860;0SV006052TEH;143;231;0.00505839
860;0SV006052TEH;124;232;0.00692668
860;0SV006052TEH;133;232;0.01100759
860;0SV006052TEH;134;232;0.00731994
860;0SV006052TEH;135;232;0.01180486
860;0SV006052TEH;136;232;0.00071778
860;0SV006052TEH;137;232;0.00172728
860;0SV006052TEH;143;232;0.00002413
860;0SV006052TEH;149;232;0.00337611
860;0SV006052TEH;133;233;0.01653365
860;0SV006052TEH;134;233;0.04257904
860;0SV006052TEH;135;233;0.03059983
860;0SV006052TEH;136;233;0.02041084
860;0SV006052TEH;137;233;0.00815974
860;0SV006052TEH;137;234;0.00044953
860;0SV006052TEH;143;235;0.00396272
860;0SV006052TEH;144;235;0.00149089
860;0SV006006COL;139;194;0.00012030
860;0SV006006COL;140;194;0.00891853
860;0SV006006COL;138;195;0.01265884
860;0SV006006COL;139;195;0.00923812
860;0SV006006COL;140;195;0.02105784
860;0SV006006COL;143;195;0.00040748
860;0SV006006COL;138;196;0.00944970
860;0SV006006COL;139;196;0.07244288
860;0SV006006COL;140;196;0.01806031
860;0SV006006COL;144;196;0.00038429
860;0SV006006COL;138;197;0.01584038
860;0SV006006COL;139;197;0.05515901
860;0SV006006COL;144;197;0.00013625
860;0SV006006COL;136;198;0.00215670
860;0SV006006COL;137;198;0.00837534
860;0SV006006COL;138;198;0.01460788
860;0SV006006COL;142;198;0.00197815
860;0SV006006COL;143;198;0.00101925
860;0SV006006COL;135;199;0.00244911
860;0SV006006COL;136;199;0.00144681
860;0SV006006COL;137;199;0.00766334
860;0SV006006COL;138;199;0.01783076
860;0SV006006COL;135;200;0.00018219
860;0SV006006COL;136;200;0.00077589
860;0SV006006COL;137;200;0.08321976
860;0SV006006COL;138;200;0.01066543
860;0SV006006COL;140;200;0.00269237
860;0SV006006COL;141;200;0.00076372
860;0SV006006COL;142;200;0.00083529
860;0SV006006COL;137;201;0.00948394
860;0SV006006COL;139;201;0.01220985
860;0SV006006COL;140;201;0.21990437
860;0SV006006COL;141;201;0.00072922
860;0SV006006COL;134;202;0.00149757
860;0SV006006COL;135;202;0.00006776
860;0SV006006COL;136;202;0.00138662
860;0SV006006COL;137;202;0.00000395
860;0SV006006COL;139;202;0.01761852
860;0SV006006COL;140;202;0.21658116
860;0SV006006COL;141;202;0.00164556
860;0SV006006COL;134;203;0.00116764
860;0SV006006COL;135;203;0.00000527
860;0SV006006COL;136;203;0.01099631
860;0SV006006COL;137;203;0.00370658
860;0SV006006COL;139;203;0.01667067
860;0SV006006COL;140;203;0.01572304
860;0SV006006COL;136;204;0.00451337
860;0SV006006COL;137;204;0.00079615
860;0SV006006COL;139;204;0.00083401
860;0SV006006COL;140;204;0.00037726
860;0SV006006COL;135;205;0.01766313
860;0SV006006COL;136;205;0.00083787
860;0SV006006COL;140;205;0.00007260
860;0SV006006COL;134;206;0.01766193
860;0SV006006COL;135;206;0.03973783
860;0SV006006COL;136;206;0.00231448
860;0SV006006COL;139;206;0.00043718
860;0SV006006COL;140;206;0.00181724
860;0SV006006COL;140;207;0.00300299
860;GBV006026GBU;217;156;0.03855238
860;GBV006026GBU;209;157;0.04409389
860;GBV006026GBU;210;157;0.00071436
860;GBV006026GBU;211;157;0.09234953
860;GBV006026GBU;212;157;0.00347622
860;GBV006026GBU;213;157;0.02153188
860;GBV006026GBU;217;157;0.00969065
860;GBV006026GBU;207;158;0.00857690
860;GBV006026GBU;208;158;0.03359332
860;GBV006026GBU;209;158;0.00661214
860;GBV006026GBU;210;158;0.08785610
860;GBV006026GBU;203;159;0.00073006
860;GBV006026GBU;204;159;0.15546782
860;GBV006026GBU;205;159;0.03890344
860;GBV006026GBU;206;159;0.02803926
860;GBV006026GBU;207;159;0.02977322
860;GBV006026GBU;204;160;0.01219674
860;GBV006026GBU;206;160;0.00022507
860;GBV006026GBU;201;162;0.00289198
860;GBV006026GBU;202;162;0.00403631
860;GBV006026GBU;204;162;0.00153359
860;GBV006026GBU;201;163;0.00201101
860;GBV006026GBU;202;163;0.00652131
860;GBV006026GBU;214;163;0.00611401
860;GBV006026GBU;202;164;0.00025622
860;GBV006026GBU;214;164;0.00527102
860;GBV006026GBU;215;164;0.13708039
860;GBV006026GBU;201;165;0.00024228
860;GBV006026GBU;215;165;0.04381634
860;GBV006026GBU;201;167;0.00226165
860;GBV006026GBU;201;168;0.01377334
860;GBV006026GBU;199;175;0.00147655
860;GBV006026GBU;198;176;0.00218506
860;GBV006026GBU;199;176;0.00851476
860;GBV006026GBU;192;178;0.01685152
860;GBV006026GBU;193;178;0.00334976
860;GBV006026GBU;194;178;0.02119625
860;GBV006026GBU;192;179;0.01221803
860;GBV006026GBU;193;179;0.00389836
860;GBV006026GBU;193;182;0.00098101
860;GBV006026GBU;193;183;0.04565618
860;GBV006026GBU;194;183;0.00389805
860;GBV006026GBU;192;184;0.00987298
860;GBV006026GBU;193;184;0.00331640
860;GBV006026GBU;192;185;0.02138899
860;GBV006026GBU;193;185;0.00034848
860;GBV006026GBU;191;187;0.00103002
860;GBV006026GBU;192;187;0.00562516
860;0MC006003AMA;162;175;0.04009026
860;0MC006003AMA;161;176;0.02315660
860;0MC006003AMA;162;176;0.02146157
860;0MC006003AMA;163;176;0.00170139
860;0MC006003AMA;162;177;0.00484606
860;0MC006003AMA;163;177;0.01032497
860;0MC006003AMA;166;177;0.00055453
860;0MC006003AMA;167;177;0.00002226
860;0MC006003AMA;161;178;0.00424988
860;0MC006003AMA;162;178;0.07501141
860;0MC006003AMA;163;178;0.00838892
860;0MC006003AMA;164;178;0.00159390
860;0MC006003AMA;165;178;0.04708261
860;0MC006003AMA;166;178;0.08775148
860;0MC006003AMA;167;178;0.00844606
860;0MC006003AMA;168;178;0.00268290
860;0MC006003AMA;161;179;0.03105969
860;0MC006003AMA;162;179;0.03658205
860;0MC006003AMA;163;179;0.00503266
860;0MC006003AMA;165;179;0.07096717
860;0MC006003AMA;166;179;0.02848378
860;0MC006003AMA;167;179;0.02219173
860;0MC006003AMA;168;179;0.00596087
860;0MC006003AMA;169;179;0.00088541
860;0MC006003AMA;161;180;0.00035380
860;0MC006003AMA;164;180;0.00161474
860;0MC006003AMA;165;180;0.02932823
860;0MC006003AMA;166;180;0.00067938
860;0MC006003AMA;167;180;0.01532893
860;0MC006003AMA;168;180;0.11080265
860;0MC006003AMA;169;180;0.08073963
860;0MC006003AMA;170;180;0.01325061
860;0MC006003AMA;171;180;0.00082589
860;0MC006003AMA;161;181;0.00046134
860;0MC006003AMA;162;181;0.00145243
860;0MC006003AMA;164;181;0.01999574
860;0MC006003AMA;169;181;0.00751510
860;0MC006003AMA;171;181;0.06165845
860;0MC006003AMA;164;182;0.02171961
860;0MC006003AMA;165;182;0.01062677
860;0MC006003AMA;166;182;0.00109101
860;0MC006003AMA;169;182;0.04699705
860;0MC006003AMA;165;183;0.00064948
860;0MC006003AMA;166;183;0.00116989
860;0MC006003AMA;167;183;0.00004790
860;0MC006003AMA;177;184;0.01692466
860;0MC006003AMA;180;187;0.01430195
860;0MC006003AMA;181;187;0.00393659
860;0MC006032NSI;160;214;0.00477809
860;0MC006032NSI;161;214;0.01009075
860;0MC006032NSI;162;214;0.00000104
860;0MC006032NSI;169;216;0.00996635
860;0MC006032NSI;171;216;0.01380831
860;0MC006032NSI;169;217;0.01359745
860;0MC006032NSI;171;217;0.02384030
860;0MC006032NSI;172;217;0.06213093
860;0MC006032NSI;173;217;0.00210204
860;0MC006032NSI;174;217;0.00291741
860;0MC006032NSI;175;217;0.00146382
860;0MC006032NSI;178;217;0.00820891
860;0MC006032NSI;179;217;0.01308672
860;0MC006032NSI;171;218;0.00251287
860;0MC006032NSI;172;218;0.09155040
860;0MC006032NSI;173;218;0.00216663
860;0MC006032NSI;174;218;0.02737695
860;0MC006032NSI;175;218;0.00387139
860;0MC006032NSI;154;220;0.00060355
860;0MC006032NSI;155;221;0.00011516
860;0MC006032NSI;162;221;0.12151689
860;0MC006032NSI;163;221;0.22654281
860;0MC006032NSI;164;221;0.02244814
860;0MC006032NSI;170;221;0.00578614
860;0MC006032NSI;155;222;0.00520737
860;0MC006032NSI;156;222;0.00022913
860;0MC006032NSI;162;222;0.00000022
860;0MC006032NSI;160;223;0.01178305
860;0MC006032NSI;158;225;0.00381795
860;0MC006032NSI;163;225;0.00060150
860;0MC006032NSI;164;225;0.00065236
860;0MC006032NSI;165;225;0.00053392
860;0MC006032NSI;162;226;0.08947396
860;0MC006032NSI;163;226;0.01978680
860;0MC006032NSI;159;227;0.02758515
860;0MC006032NSI;160;227;0.02814878
860;0MC006032NSI;162;227;0.01893052
860;0MC006032NSI;163;227;0.00006151
860;0MC006032NSI;160;228;0.00000124
860;0MC006032NSI;156;230;0.00736629
860;0MC006032NSI;157;230;0.00012707
860;0MC006032NSI;158;230;0.01426679
860;0MC006032NSI;159;230;0.05987093
860;0MC006032NSI;156;231;0.01566885
860;0MC006032NSI;157;231;0.01398012
860;0MC006032NSI;158;231;0.00275752
860;0MC006032NSI;159;231;0.00866593
860;NCC006035MBU;165;128;0.00228563
860;NCC006035MBU;164;130;0.00020822
860;NCC006035MBU;164;131;0.00013366
860;NCC006035MBU;152;134;0.00238384
860;NCC006035MBU;155;134;0.00457944
860;NCC006035MBU;153;135;0.00054491
860;NCC006035MBU;151;136;0.00003983
860;NCC006035MBU;152;136;0.00911490
860;NCC006035MBU;153;136;0.05320817
860;NCC006035MBU;154;136;0.00183624
860;NCC006035MBU;148;137;0.00167985
860;NCC006035MBU;149;137;0.01214171
860;NCC006035MBU;150;137;0.00133298
860;NCC006035MBU;151;137;0.02803791
860;NCC006035MBU;152;137;0.35316724
860;NCC006035MBU;153;137;0.16249444
860;NCC006035MBU;154;137;0.00029429
860;NCC006035MBU;147;138;0.01168512
860;NCC006035MBU;148;138;0.00877947
860;NCC006035MBU;149;138;0.00774051
860;NCC006035MBU;150;138;0.00277376
860;NCC006035MBU;151;138;0.03095822
860;NCC006035MBU;152;138;0.15200957
860;NCC006035MBU;153;138;0.04219676
860;NCC006035MBU;147;139;0.02040047
860;NCC006035MBU;148;139;0.00524695
860;NCC006035MBU;149;139;0.00343055
860;NCC006035MBU;151;139;0.00191733
860;NCC006035MBU;152;139;0.01337238
860;NCC006035MBU;153;139;0.02213906
860;NCC006035MBU;149;140;0.00008423
860;NCC006035MBU;150;140;0.00335472
860;NCC006035MBU;151;140;0.00207817
860;NCC006035MBU;152;140;0.02124644
860;NCC006035MBU;153;140;0.01410636
860;NCC006035MBU;150;141;0.00073361
860;NCC006035MBU;151;141;0.00172751
860;NCC006035MBU;152;141;0.00053552
860;0MC006022MPA;180;153;0.03554037
860;0MC006022MPA;183;154;0.13670831
860;0MC006022MPA;184;154;0.00213204
860;0MC006022MPA;185;154;0.20296495
860;0MC006022MPA;186;154;0.01081374
860;0MC006022MPA;188;154;0.05892623
860;0MC006022MPA;190;154;0.00479951
860;0MC006022MPA;181;155;0.00282528
860;0MC006022MPA;182;155;0.01300134
860;0MC006022MPA;183;155;0.03334355
860;0MC006022MPA;185;155;0.01188697
860;0MC006022MPA;190;155;0.00262083
860;0MC006022MPA;175;156;0.00031815
860;0MC006022MPA;176;156;0.00207536
860;0MC006022MPA;181;156;0.01108840
860;0MC006022MPA;176;157;0.02757772
860;0MC006022MPA;184;157;0.05565526
860;0MC006022MPA;176;158;0.00264260
860;0MC006022MPA;178;158;0.00136596
860;0MC006022MPA;175;159;0.08485339
860;0MC006022MPA;176;159;0.03473550
860;0MC006022MPA;185;159;0.02141914
860;0MC006022MPA;174;160;0.02783822
860;0MC006022MPA;175;160;0.03633935
860;0MC006022MPA;185;160;0.00345821
860;0MC006022MPA;186;160;0.01611224
860;0MC006022MPA;187;160;0.00688273
860;0MC006022MPA;175;161;0.01771484
860;0MC006022MPA;178;161;0.05285782
860;0MC006022MPA;179;161;0.00196557
860;0MC006022MPA;190;161;0.00048303
860;0MC006022MPA;191;161;0.00000141
860;0MC006022MPA;192;161;0.00002009
860;0MC006022MPA;179;162;0.04878097
860;0MC006022MPA;180;162;0.00122549
860;0MC006022MPA;191;162;0.00390365
860;0MC006022MPA;192;162;0.00162337
860;0MC006022MPA;181;163;0.00146647
860;0MC006022MPA;181;164;0.02203191
860;GBV006002GBU;181;181;0.11240388
860;GBV006002GBU;181;182;0.08542844
860;GBV006002GBU;181;187;0.22981229
860;GBV006002GBU;187;187;0.01642848
860;GBV006002GBU;181;188;0.06132470
860;GBV006002GBU;187;188;0.00319629
860;GBV006002GBU;186;189;0.08078369
860;GBV006002GBU;186;190;0.20377525
860;GBV006002GBU;187;190;0.12241113
860;GBV006002GBU;186;192;0.03894120
860;GBV006002GBU;187;192;0.00124840
860;GBV006002GBU;184;194;0.04424624
860;0SV006011GLE;134;207;0.00003093
860;0SV006011GLE;135;207;0.00024631
860;0SV006011GLE;140;207;0.00047456
860;0SV006011GLE;133;208;0.00478445
860;0SV006011GLE;134;208;0.00003435
860;0SV006011GLE;135;208;0.00095867
860;0SV006011GLE;136;208;0.00000008
860;0SV006011GLE;140;208;0.00443092
860;0SV006011GLE;136;209;0.00855851
860;0SV006011GLE;140;209;0.00213849
860;0SV006011GLE;133;210;0.00088416
860;0SV006011GLE;134;210;0.00012154
860;0SV006011GLE;135;210;0.01280696
860;0SV006011GLE;136;210;0.27342555
860;0SV006011GLE;137;210;0.00418630
860;0SV006011GLE;140;210;0.00432639
860;0SV006011GLE;133;211;0.00377769
860;0SV006011GLE;134;211;0.00073104
860;0SV006011GLE;135;211;0.00203886
860;0SV006011GLE;136;211;0.02950465
860;0SV006011GLE;129;212;0.00001503
860;0SV006011GLE;135;212;0.00027507
860;0SV006011GLE;136;212;0.00989923
860;0SV006011GLE;138;212;0.00073628
860;0SV006011GLE;139;212;0.00064920
860;0SV006011GLE;129;213;0.00107599
860;0SV006011GLE;135;213;0.00013125
860;0SV006011GLE;136;213;0.00489443
860;0SV006011GLE;137;213;0.00009298
860;0SV006011GLE;138;213;0.00491727
860;0SV006011GLE;140;213;0.03293901
860;0SV006011GLE;125;214;0.00309886
860;0SV006011GLE;126;214;0.00013140
860;0SV006011GLE;129;214;0.00000007
860;0SV006011GLE;130;214;0.00020285
860;0SV006011GLE;134;214;0.00021584
860;0SV006011GLE;135;214;0.00298657
860;0SV006011GLE;136;214;0.00494405
860;0SV006011GLE;137;214;0.00447840
860;0SV006011GLE;138;214;0.00002403
860;0SV006011GLE;139;214;0.01444372
860;0SV006011GLE;140;214;0.00974564
860;0SV006011GLE;134;215;0.00024633
860;0SV006011GLE;135;215;0.00119551
860;0SV006011GLE;136;215;0.03378341
860;0SV006011GLE;137;215;0.01231830
860;0SV006011GLE;138;215;0.01686901
860;0SV006011GLE;139;215;0.00046205
860;0SV006011GLE;135;216;0.00039959
860;0SV006011GLE;136;216;0.19060708
860;0SV006011GLE;137;216;0.12966290
860;0SV006011GLE;138;216;0.00562179
860;0SV006011GLE;139;216;0.00650316
860;0SV006011GLE;140;216;0.02564109
860;0SV006011GLE;141;216;0.00016099
860;0SV006011GLE;135;217;0.00547161
860;0SV006011GLE;136;217;0.09573228
860;0SV006011GLE;137;217;0.00259806
860;0SV006011GLE;138;217;0.00253329
860;0SV006011GLE;139;217;0.01979436
860;0SV006011GLE;140;217;0.00104162
860;NEP006018LAS;181;216;0.00004497
860;NEP006018LAS;181;217;0.00025916
860;NEP006018LAS;179;223;0.00001053
860;NEP006018LAS;180;223;0.00043126
860;NEP006018LAS;179;224;0.00088463
860;NEP006018LAS;180;224;0.00047581
860;NEP006018LAS;176;226;0.00003067
860;NEP006018LAS;177;226;0.00049495
860;NEP006018LAS;178;226;0.00117304
860;NEP006018LAS;179;226;0.00099341
860;NEP006018LAS;180;226;0.00020139
860;NEP006018LAS;178;227;0.00247423
860;NEP006018LAS;179;227;0.00012499
860;NEP006018LAS;180;227;0.00043157
860;NEP006018LAS;172;229;0.00915176
860;NEP006018LAS;171;230;0.00735689
860;NEP006018LAS;172;230;0.02056279
860;NEP006018LAS;161;231;0.01963522
860;NEP006018LAS;162;231;0.00043051
860;NEP006018LAS;171;231;0.06796666
860;NEP006018LAS;172;231;0.01836880
860;NEP006018LAS;170;232;0.00291202
860;NEP006018LAS;171;232;0.00086195
860;NEP006018LAS;172;232;0.00025286
860;NEP006018LAS;173;232;0.01162017
860;NEP006018LAS;176;232;0.00056171
860;NEP006018LAS;177;232;0.00001294
860;NEP006018LAS;168;233;0.03767967
860;NEP006018LAS;169;233;0.07996266
860;NEP006018LAS;170;233;0.06581165
860;NEP006018LAS;171;233;0.03129758
860;NEP006018LAS;172;233;0.00873818
860;NEP006018LAS;173;233;0.00045336
860;NEP006018LAS;174;233;0.00130850
860;NEP006018LAS;176;233;0.00080000
860;NEP006018LAS;177;233;0.00007341
860;NEP006018LAS;166;234;0.00000291
860;NEP006018LAS;167;234;0.02009665
860;NEP006018LAS;168;234;0.32938437
860;NEP006018LAS;169;234;0.12566175
860;NEP006018LAS;170;234;0.01810865
860;NEP006018LAS;171;234;0.01365723
860;NEP006018LAS;172;234;0.00851073
860;NEP006018LAS;173;234;0.00007681
860;NEP006018LAS;168;235;0.02634013
860;NEP006018LAS;169;235;0.01607126
860;NEP006018LAS;159;238;0.00264988
860;NEP006018LAS;160;238;0.00659173
860;NEP006018LAS;159;239;0.01076205
860;NEP006018LAS;160;239;0.00277723
860;NEP006018LAS;166;240;0.00842705
860;NEP006018LAS;161;241;0.00012383
860;NEP006018LAS;162;241;0.00593222
860;NEP006018LAS;174;244;0.00256776
860;NEP006018LAS;170;245;0.00091107
860;NEP006018LAS;179;246;0.00050827
860;NEP006018LAS;173;247;0.00025766
860;NEP006018LAS;178;247;0.00082469
860;NEP006018LAS;171;248;0.00050761
860;NEP006018LAS;172;251;0.00126864
860;NEP006018LAS;158;252;0.00021278
860;NEP006018LAS;157;253;0.00036369
860;NEP006018LAS;158;253;0.00037064
860;NEP006018LAS;159;253;0.00229387
860;NEP006018LAS;160;253;0.00041802
860;NEP006018LAS;162;254;0.00012562
860;NEP006018LAS;163;254;0.00003990
860;NEP006018LAS;162;255;0.00023086
860;NEP006018LAS;163;255;0.00007450
860;0SV0060510FR;148;189;0.00025505
860;0SV0060510FR;149;189;0.00088897
860;0SV0060510FR;150;189;0.00397080
860;0SV0060510FR;151;189;0.00284899
860;0SV0060510FR;146;190;0.00003770
860;0SV0060510FR;148;190;0.00076681
860;0SV0060510FR;149;190;0.00000006
860;0SV0060510FR;150;190;0.00366898
860;0SV0060510FR;151;190;0.00214297
860;0SV0060510FR;146;191;0.00126068
860;0SV0060510FR;147;191;0.00007646
860;0SV0060510FR;148;191;0.00010107
860;0SV0060510FR;149;191;0.00008725
860;0SV0060510FR;150;191;0.00090212
860;0SV0060510FR;151;191;0.00025755
860;0SV0060510FR;144;192;0.00003613
860;0SV0060510FR;145;192;0.00003915
860;0SV0060510FR;146;192;0.00143271
860;0SV0060510FR;149;192;0.00054836
860;0SV0060510FR;150;192;0.00123712
860;0SV0060510FR;151;192;0.00183940
860;0SV0060510FR;144;193;0.00011465
860;0SV0060510FR;146;193;0.00020384
860;0SV0060510FR;149;193;0.00220581
860;0SV0060510FR;150;193;0.00292943
860;0SV0060510FR;149;194;0.00024579
860;0SV0060510FR;150;194;0.00266510
860;0SV0060510FR;151;194;0.00260802
860;0SV0060510FR;143;195;0.00005333
860;0SV0060510FR;146;195;0.00009641
860;0SV0060510FR;147;195;0.00055379
860;0SV0060510FR;148;195;0.00154593
860;0SV0060510FR;149;195;0.00003048
860;0SV0060510FR;150;195;0.00427701
860;0SV0060510FR;151;195;0.00361477
860;0SV0060510FR;152;195;0.00158982
860;0SV0060510FR;144;196;0.00015694
860;0SV0060510FR;147;196;0.00116592
860;0SV0060510FR;148;196;0.00571787
860;0SV0060510FR;149;196;0.00024325
860;0SV0060510FR;151;196;0.00013684
860;0SV0060510FR;152;196;0.00167694
860;0SV0060510FR;144;197;0.00017424
860;0SV0060510FR;146;197;0.00172301
860;0SV0060510FR;147;197;0.00270881
860;0SV0060510FR;148;197;0.00672295
860;0SV0060510FR;142;198;0.00026227
860;0SV0060510FR;143;198;0.00114145
860;0SV0060510FR;147;198;0.01170163
860;0SV0060510FR;148;198;0.06131507
860;0SV0060510FR;149;198;0.00916236
860;0SV0060510FR;145;199;0.00017716
860;0SV0060510FR;146;199;0.00281344
860;0SV0060510FR;147;199;0.11914105
860;0SV0060510FR;148;199;0.24342843
860;0SV0060510FR;149;199;0.00120322
860;0SV0060510FR;142;200;0.00449378
860;0SV0060510FR;144;200;0.00804118
860;0SV0060510FR;145;200;0.04240932
860;0SV0060510FR;146;200;0.02020169
860;0SV0060510FR;147;200;0.13935944
860;0SV0060510FR;148;200;0.19345114
860;0SV0060510FR;145;201;0.00136453
860;0SV0060510FR;147;201;0.00655702
860;0SV0060510FR;148;201;0.00487045
860;0SV0060510FR;147;202;0.00728989
860;0SV0060510FR;148;202;0.00386550
860;0SV0060510FR;146;203;0.00208330
860;0SV0060510FR;147;203;0.03601936
860;0SV0060510FR;148;203;0.00584645
860;0SV0060510FR;146;204;0.00114147
860;0SV0060510FR;147;204;0.00673253
860;0SV0060510FR;148;204;0.00036756
860;0NC006053NCU;109;236;0.04639175
860;0NC006053NCU;116;238;0.00484610
860;0NC006053NCU;117;238;0.11679760
860;0NC006053NCU;118;238;0.00580568
860;0NC006053NCU;116;239;0.00670326
860;0NC006053NCU;117;239;0.01039991
860;0NC006053NCU;118;239;0.00246618
860;0NC006053NCU;119;239;0.00018528
860;0NC006053NCU;123;239;0.01049317
860;0NC006053NCU;119;240;0.00228053
860;0NC006053NCU;123;240;0.05407140
860;0NC006053NCU;121;241;0.00023574
860;0NC006053NCU;122;241;0.01129154
860;0NC006053NCU;123;241;0.00767309
860;0NC006053NCU;122;242;0.00456260
860;0NC006053NCU;124;242;0.06584193
860;0NC006053NCU;125;242;0.01502206
860;0NC006053NCU;121;243;0.01301671
860;0NC006053NCU;122;243;0.16651408
860;0NC006053NCU;124;243;0.00164851
860;0NC006053NCU;114;244;0.00811189
860;0NC006053NCU;122;244;0.00930753
860;0NC006053NCU;124;244;0.00607842
860;0NC006053NCU;125;244;0.02694698
860;0NC006053NCU;114;245;0.06761118
860;0NC006053NCU;122;245;0.10716276
860;0NC006053NCU;124;245;0.01950060
860;0NC006053NCU;125;245;0.04630034
860;0NC006053NCU;111;246;0.07891611
860;0NC006053NCU;127;246;0.00653692
860;0NC006053NCU;128;246;0.00821764
860;0NC006053NCU;127;247;0.00000004
860;0NC006053NCU;128;247;0.01167115
860;0NC006053NCU;108;249;0.04123711
860;0NC006053NCU;127;250;0.01615423
860;0MC006046NSI;164;208;0.03934557
860;0MC006046NSI;182;209;0.03213421
860;0MC006046NSI;182;210;0.02396981
860;0MC006046NSI;164;211;0.00321261
860;0MC006046NSI;165;211;0.35753241
860;0MC006046NSI;174;211;0.11131440
860;0MC006046NSI;174;212;0.13857006
860;0MC006046NSI;173;213;0.00490972
860;0MC006046NSI;177;213;0.05926585
860;0MC006046NSI;178;213;0.03028500
860;0MC006046NSI;182;213;0.00294884
860;0MC006046NSI;173;214;0.02965479
860;0MC006046NSI;177;214;0.13409883
860;0MC006046NSI;182;214;0.03275790
860;0LC006017LAK;125;189;0.00066732
860;0LC006017LAK;126;189;0.00003109
860;0LC006017LAK;127;189;0.01274321
860;0LC006017LAK;129;189;0.00086380
860;0LC006017LAK;124;190;0.00092070
860;0LC006017LAK;125;190;0.00472642
860;0LC006017LAK;127;190;0.00642362
860;0LC006017LAK;128;190;0.00762290
860;0LC006017LAK;129;190;0.00118955
860;0LC006017LAK;124;191;0.00127824
860;0LC006017LAK;125;191;0.00078678
860;0LC006017LAK;126;191;0.00044095
860;0LC006017LAK;128;191;0.10416319
860;0LC006017LAK;129;191;0.00610280
860;0LC006017LAK;123;192;0.00027710
860;0LC006017LAK;124;192;0.00344001
860;0LC006017LAK;125;192;0.00073096
860;0LC006017LAK;126;192;0.00116791
860;0LC006017LAK;125;193;0.01708681
860;0LC006017LAK;127;193;0.00767846
860;0LC006017LAK;124;194;0.01323050
860;0LC006017LAK;125;194;0.01392065
860;0LC006017LAK;127;194;0.05015947
860;0LC006017LAK;128;194;0.00298315
860;0LC006017LAK;122;195;0.02813476
860;0LC006017LAK;123;195;0.00934981
860;0LC006017LAK;124;195;0.00972839
860;0LC006017LAK;125;195;0.05841265
860;0LC006017LAK;126;195;0.01675267
860;0LC006017LAK;127;195;0.08309015
860;0LC006017LAK;128;195;0.00000614
860;0LC006017LAK;121;196;0.01281420
860;0LC006017LAK;122;196;0.02684377
860;0LC006017LAK;123;196;0.03605316
860;0LC006017LAK;124;196;0.04069443
860;0LC006017LAK;125;196;0.00354696
860;0LC006017LAK;126;196;0.02422370
860;0LC006017LAK;127;196;0.00541594
860;0LC006017LAK;129;196;0.00044656
860;0LC006017LAK;130;196;0.00062104
860;0LC006017LAK;120;197;0.00359614
860;0LC006017LAK;121;197;0.05152690
860;0LC006017LAK;122;197;0.00507646
860;0LC006017LAK;124;197;0.00465038
860;0LC006017LAK;125;197;0.00204530
860;0LC006017LAK;126;197;0.03540476
860;0LC006017LAK;127;197;0.00154880
860;0LC006017LAK;128;197;0.00140056
860;0LC006017LAK;129;197;0.00173109
860;0LC006017LAK;130;197;0.00112306
860;0LC006017LAK;120;198;0.00484931
860;0LC006017LAK;121;198;0.09665713
860;0LC006017LAK;124;198;0.00622044
860;0LC006017LAK;127;198;0.00603135
860;0LC006017LAK;128;198;0.00564010
860;0LC006017LAK;120;199;0.00029951
860;0LC006017LAK;121;199;0.05777392
860;0LC006017LAK;123;199;0.00741199
860;0LC006017LAK;124;199;0.01068079
860;0LC006017LAK;121;200;0.01039865
860;0LC006017LAK;122;200;0.02856888
860;0LC006017LAK;123;200;0.00382176
860;0LC006017LAK;119;201;0.00355055
860;0LC006017LAK;121;201;0.03522181
860;0LC006017LAK;122;201;0.00000043
860;NEP006025MOD;158;255;0.01838419
860;NEP006025MOD;159;255;0.00034319
860;NEP006025MOD;162;255;0.01174979
860;NEP006025MOD;163;255;0.00918969
860;NEP006025MOD;157;256;0.00875172
860;NEP006025MOD;158;256;0.00001448
860;NEP006025MOD;171;256;0.00113613
860;NEP006025MOD;172;256;0.00041668
860;NEP006025MOD;179;258;0.00721052
860;NEP006025MOD;165;259;0.00130287
860;NEP006025MOD;171;259;0.00130997
860;NEP006025MOD;164;260;0.00280635
860;NEP006025MOD;165;260;0.00239443
860;NEP006025MOD;168;260;0.00164312
860;NEP006025MOD;169;260;0.00031233
860;NEP006025MOD;170;260;0.00012645
860;NEP006025MOD;171;260;0.00030120
860;NEP006025MOD;164;261;0.01044528
860;NEP006025MOD;168;261;0.00849095
860;NEP006025MOD;169;261;0.00757186
860;NEP006025MOD;170;261;0.00003942
860;NEP006025MOD;179;261;0.00079936
860;NEP006025MOD;164;262;0.01466652
860;NEP006025MOD;169;262;0.00183119
860;NEP006025MOD;170;262;0.02883526
860;NEP006025MOD;171;262;0.03534117
860;NEP006025MOD;178;262;0.00194852
860;NEP006025MOD;179;262;0.00018949
860;NEP006025MOD;170;263;0.24670946
860;NEP006025MOD;171;263;0.31160926
860;NEP006025MOD;173;263;0.00066478
860;NEP006025MOD;168;264;0.01231347
860;NEP006025MOD;171;264;0.02167163
860;NEP006025MOD;172;264;0.02644484
860;NEP006025MOD;173;264;0.00000162
860;NEP006025MOD;178;264;0.02025142
860;NEP006025MOD;157;266;0.00271222
860;NEP006025MOD;155;267;0.00279261
860;NEP006025MOD;174;269;0.01218381
860;NEP006025MOD;174;270;0.01086134
860;NEP006025MOD;165;271;0.00180155
860;NEP006025MOD;178;272;0.00464632
860;NEP006025MOD;179;272;0.00009343
860;NEP006025MOD;154;273;0.03669286
860;NEP006025MOD;178;273;0.01225000
860;NEP006025MOD;179;273;0.00389300
860;NEP006025MOD;154;274;0.06064829
860;NEP006025MOD;152;275;0.00000924
860;NEP006025MOD;154;276;0.01130634
860;NEP006025MOD;155;276;0.01511122
860;NEP006025MOD;175;276;0.00057219
860;NEP006025MOD;176;276;0.00538566
860;NEP006025MOD;154;277;0.00085491
860;NEP006025MOD;155;277;0.00096643
860;GBV006014GBU;229;110;0.00003722
860;GBV006014GBU;230;110;0.00005538
860;GBV006014GBU;241;110;0.00010855
860;GBV006014GBU;241;111;0.00027032
860;GBV006014GBU;242;111;0.00006629
860;GBV006014GBU;278;112;0.00001248
860;GBV006014GBU;279;112;0.00000118
860;GBV006014GBU;265;113;0.00000127
860;GBV006014GBU;266;113;0.00003927
860;GBV006014GBU;278;113;0.00000427
860;GBV006014GBU;244;114;0.00012522
860;GBV006014GBU;245;114;0.00003225
860;GBV006014GBU;266;114;0.00000029
860;GBV006014GBU;230;115;0.00001046
860;GBV006014GBU;231;115;0.00054535
860;GBV006014GBU;244;115;0.00002184
860;GBV006014GBU;227;116;0.00000042
860;GBV006014GBU;228;116;0.00028048
860;GBV006014GBU;230;116;0.00000244
860;GBV006014GBU;231;116;0.00189156
860;GBV006014GBU;232;116;0.00011845
860;GBV006014GBU;237;116;0.00003381
860;GBV006014GBU;238;116;0.00001278
860;GBV006014GBU;264;116;0.00002436
860;GBV006014GBU;265;116;0.00014481
860;GBV006014GBU;227;117;0.00000474
860;GBV006014GBU;228;117;0.00016663
860;GBV006014GBU;231;117;0.00001486
860;GBV006014GBU;237;117;0.00001924
860;GBV006014GBU;238;117;0.00000284
860;GBV006014GBU;227;118;0.00009740
860;GBV006014GBU;228;118;0.00000760
860;GBV006014GBU;239;120;0.00009256
860;GBV006014GBU;240;120;0.00010968
860;GBV006014GBU;226;122;0.00004759
860;GBV006014GBU;227;122;0.00000536
860;GBV006014GBU;262;122;0.00000030
860;GBV006014GBU;263;122;0.00000983
860;GBV006014GBU;226;123;0.00054841
860;GBV006014GBU;226;124;0.00034564
860;GBV006014GBU;227;124;0.00005109
860;GBV006014GBU;261;125;0.00016622
860;GBV006014GBU;225;127;0.00007467
860;GBV006014GBU;225;128;0.00000935
860;GBV006014GBU;226;128;0.00003043
860;GBV006014GBU;229;128;0.00216645
860;GBV006014GBU;230;128;0.00014355
860;GBV006014GBU;251;128;0.00016316
860;GBV006014GBU;260;128;0.00000172
860;GBV006014GBU;261;128;0.00001424
860;GBV006014GBU;251;129;0.00006436
860;GBV006014GBU;259;129;0.00003025
860;GBV006014GBU;260;129;0.00001148
860;GBV006014GBU;224;130;0.00201263
860;GBV006014GBU;225;130;0.00230487
860;GBV006014GBU;226;130;0.00012024
860;GBV006014GBU;224;131;0.00103161
860;GBV006014GBU;225;131;0.01507095
860;GBV006014GBU;224;132;0.00213857
860;GBV006014GBU;225;132;0.00552372
860;GBV006014GBU;224;133;0.00246854
860;GBV006014GBU;224;134;0.00008876
860;GBV006014GBU;222;136;0.00000107
860;GBV006014GBU;221;137;0.00517961
860;GBV006014GBU;222;137;0.00691431
860;GBV006014GBU;221;138;0.00551045
860;GBV006014GBU;220;141;0.00032125
860;GBV006014GBU;221;141;0.00041713
860;GBV006014GBU;219;146;0.01622462
860;GBV006014GBU;220;146;0.00087442
860;GBV006014GBU;219;147;0.05993879
860;GBV006014GBU;220;147;0.00150662
860;GBV006014GBU;213;149;0.02190437
860;GBV006014GBU;217;149;0.00776032
860;GBV006014GBU;215;151;0.01070216
860;GBV006014GBU;216;151;0.01607017
860;GBV006014GBU;217;151;0.02175968
860;GBV006014GBU;213;152;0.00838723
860;GBV006014GBU;214;152;0.00231739
860;GBV006014GBU;215;152;0.01205907
860;GBV006014GBU;216;152;0.31120206
860;GBV006014GBU;217;152;0.32608020
860;GBV006014GBU;218;152;0.00515348
860;GBV006014GBU;212;153;0.03095665
860;GBV006014GBU;213;153;0.00864463
860;GBV006014GBU;214;153;0.00103570
860;GBV006014GBU;216;153;0.04013070
860;GBV006014GBU;217;153;0.00047537
860;GBV006014GBU;218;153;0.01931556
860;GBV006014GBU;213;154;0.02015672
860;0LT006031PLA;179;197;0.01292680
860;0LT006031PLA;178;198;0.00777234
860;0LT006031PLA;179;198;0.09255733
860;0LT006031PLA;178;199;0.00557970
860;0LT006031PLA;179;199;0.04591539
860;0LT006031PLA;177;200;0.03312534
860;0LT006031PLA;178;200;0.00486239
860;0LT006031PLA;179;200;0.15230558
860;0LT006031PLA;178;201;0.00051765
860;0LT006031PLA;179;201;0.04758817
860;0LT006031PLA;180;201;0.14285212
860;0LT006031PLA;179;202;0.00613305
860;0LT006031PLA;180;202;0.08565137
860;0LT006031PLA;181;202;0.23424277
860;0LT006031PLA;182;202;0.10474755
860;0LT006031PLA;181;203;0.02322247
860;0MC006031PLA;160;194;0.00014420
860;0MC006031PLA;160;195;0.01302731
860;0MC006031PLA;161;195;0.06801946
860;0MC006031PLA;163;195;0.08866029
860;0MC006031PLA;164;195;0.02163084
860;0MC006031PLA;160;196;0.01317122
860;0MC006031PLA;161;196;0.09394769
860;0MC006031PLA;162;196;0.00469806
860;0MC006031PLA;163;196;0.10892049
860;0MC006031PLA;164;196;0.08499248
860;0MC006031PLA;165;196;0.06586191
860;0MC006031PLA;160;197;0.00202016
860;0MC006031PLA;161;197;0.04595250
860;0MC006031PLA;162;197;0.04255754
860;0MC006031PLA;162;198;0.18028735
860;0MC006031PLA;162;199;0.02795870
860;0MC006031PLA;163;200;0.00389556
860;0MC006031PLA;164;200;0.01536236
860;0MC006031PLA;177;200;0.01208687
860;0MC006031PLA;164;201;0.01494841
860;0MC006031PLA;165;201;0.02209745
860;0MC006031PLA;166;201;0.00055599
860;0MC006031PLA;176;201;0.00067473
860;0MC006031PLA;177;201;0.00271766
860;0MC006031PLA;178;201;0.00633645
860;0MC006031PLA;165;202;0.00000470
860;0MC006031PLA;166;202;0.00069684
860;0MC006031PLA;167;202;0.00019582
860;0MC006031PLA;179;202;0.00101322
860;0MC006031PLA;166;203;0.00037870
860;0MC006031PLA;167;203;0.00127846
860;0MC006031PLA;168;203;0.00047322
860;0MC006031PLA;175;203;0.00001638
860;0MC006031PLA;177;203;0.00009302
860;0MC006031PLA;178;203;0.00716784
860;0MC006031PLA;179;203;0.00833952
860;0MC006031PLA;180;203;0.00303041
860;0MC006031PLA;167;204;0.00002861
860;0MC006031PLA;168;204;0.00098245
860;0MC006031PLA;169;204;0.00047756
860;0MC006031PLA;170;204;0.00075056
860;0MC006031PLA;171;204;0.00103203
860;0MC006031PLA;172;204;0.00094529
860;0MC006031PLA;173;204;0.00039326
860;0MC006031PLA;174;204;0.00025699
860;0MC006031PLA;175;204;0.00094049
860;0MC006031PLA;176;204;0.00001175
860;0MC006031PLA;177;204;0.00010130
860;0MC006031PLA;178;204;0.02236448
860;0MC006031PLA;179;204;0.00822488
860;0MC006031PLA;180;204;0.00027652
860;0LT0060090ED;182;190;0.00031407
860;0LT0060090ED;181;191;0.00742644
860;0LT0060090ED;182;191;0.03055680
860;0LT0060090ED;181;192;0.08830018
860;0LT0060090ED;182;192;0.13303960
860;0LT0060090ED;181;193;0.00995924
860;0LT0060090ED;182;193;0.25188302
860;0LT0060090ED;183;193;0.04168594
860;0LT0060090ED;184;193;0.00185418
860;0LT0060090ED;181;194;0.00046040
860;0LT0060090ED;182;194;0.27309176
860;0LT0060090ED;183;194;0.13852764
860;0LT0060090ED;184;194;0.01552535
860;0LT0060090ED;183;195;0.00415256
860;0LT0060090ED;179;197;0.00322283
860;0MD006033MOJ;303;49;0.00065682
860;0MD006033MOJ;305;51;0.00252368
860;0MD006033MOJ;299;52;0.00518427
860;0MD006033MOJ;300;52;0.00271158
860;0MD006033MOJ;305;52;0.01256951
860;0MD006033MOJ;307;52;0.00358750
860;0MD006033MOJ;299;53;0.00119516
860;0MD006033MOJ;303;53;0.00050638
860;0MD006033MOJ;305;53;0.00006158
860;0MD006033MOJ;306;53;0.02524458
860;0MD006033MOJ;307;53;0.01372751
860;0MD006033MOJ;308;53;0.00104583
860;0MD006033MOJ;299;54;0.00005323
860;0MD006033MOJ;303;54;0.00965419
860;0MD006033MOJ;304;54;0.02032258
860;0MD006033MOJ;305;54;0.04880413
860;0MD006033MOJ;306;54;0.47419114
860;0MD006033MOJ;307;54;0.18724312
860;0MD006033MOJ;308;54;0.01194648
860;0MD006033MOJ;296;55;0.00020473
860;0MD006033MOJ;297;55;0.00710905
860;0MD006033MOJ;302;55;0.00044769
860;0MD006033MOJ;303;55;0.00007264
860;0MD006033MOJ;305;55;0.00235588
860;0MD006033MOJ;306;55;0.08034580
860;0MD006033MOJ;307;55;0.02557124
860;0MD006033MOJ;308;55;0.00619468
860;0MD006033MOJ;302;56;0.00266877
860;0MD006033MOJ;303;56;0.00014882
860;0MD006033MOJ;305;56;0.00594578
860;0MD006033MOJ;307;56;0.00553841
860;0MD006033MOJ;308;56;0.00837789
860;0MD006033MOJ;308;57;0.00177318
860;0MD006033MOJ;308;58;0.00051617
860;0MD006033MOJ;307;61;0.00736392
860;0MD006033MOJ;307;63;0.00168282
860;0MD006033MOJ;308;64;0.00755854
860;0MD006033MOJ;308;65;0.01280614
860;0MD006033MOJ;309;67;0.00208858
860;0MD0060330SC;298;52;0.10185677
860;0MD0060330SC;299;52;0.09922836
860;0MD0060330SC;299;53;0.00225378
860;0MD0060330SC;284;54;0.02574517
860;0MD0060330SC;287;55;0.00124284
860;0MD0060330SC;288;55;0.02666587
860;0MD0060330SC;289;55;0.00619735
860;0MD0060330SC;290;55;0.16866523
860;0MD0060330SC;287;56;0.03173795
860;0MD0060330SC;288;56;0.23811411
860;0MD0060330SC;289;56;0.00068646
860;0MD0060330SC;290;56;0.00746415
860;0MD0060330SC;286;58;0.19481887
860;0MD0060330SC;287;58;0.00276112
860;0MD0060330SC;285;59;0.00061091
860;0MD0060330SC;286;59;0.09195105
