#GRID CA_State4k -684000. -564000. 4000. 4000. 321 291 1 LAMBERT METERS 30. 60. -120.5 -120.5 37.
859;0LC006017LAK;118;201;0.00960079
859;0LC006017LAK;119;196;0.00049156
859;0LC006017LAK;119;201;0.07072263
859;0LC006017LAK;120;196;0.00327308
859;0LC006017LAK;120;197;0.00472171
859;0LC006017LAK;120;198;0.01594901
859;0LC006017LAK;120;199;0.00236165
859;0LC006017LAK;120;201;0.05674813
859;0LC006017LAK;121;196;0.01271551
859;0LC006017LAK;121;197;0.01379151
859;0LC006017LAK;121;199;0.01649422
859;0LC006017LAK;121;200;0.03056021
859;0LC006017LAK;121;201;0.03200178
859;0LC006017LAK;122;195;0.00938838
859;0LC006017LAK;122;196;0.01740710
859;0LC006017LAK;122;199;0.00179245
859;0LC006017LAK;122;200;0.03022902
859;0LC006017LAK;123;194;0.00128281
859;0LC006017LAK;123;195;0.01896035
859;0LC006017LAK;123;198;0.01478903
859;0LC006017LAK;123;199;0.03474970
859;0LC006017LAK;124;193;0.00314974
859;0LC006017LAK;124;194;0.01519068
859;0LC006017LAK;124;195;0.01688098
859;0LC006017LAK;124;197;0.03581122
859;0LC006017LAK;124;198;0.01504048
859;0LC006017LAK;125;190;0.00195017
859;0LC006017LAK;125;191;0.00504008
859;0LC006017LAK;125;192;0.00462368
859;0LC006017LAK;125;193;0.00227403
859;0LC006017LAK;125;194;0.01779939
859;0LC006017LAK;125;195;0.00383972
859;0LC006017LAK;125;197;0.02891817
859;0LC006017LAK;126;190;0.00460601
859;0LC006017LAK;126;194;0.01771087
859;0LC006017LAK;126;197;0.03260790
859;0LC006017LAK;127;187;0.00232754
859;0LC006017LAK;127;188;0.03724505
859;0LC006017LAK;127;189;0.03572462
859;0LC006017LAK;127;190;0.01550963
859;0LC006017LAK;127;192;0.02371383
859;0LC006017LAK;127;193;0.01969692
859;0LC006017LAK;127;194;0.05808562
859;0LC006017LAK;127;195;0.06120044
859;0LC006017LAK;127;196;0.06935027
859;0LC006017LAK;127;197;0.00721792
859;0LC006017LAK;128;190;0.00967402
859;0LC006017LAK;128;191;0.01746321
859;0LC006017LAK;128;192;0.00052931
859;0LC006017LAK;128;196;0.00610344
859;0LC006017LAK;128;197;0.00439337
859;0LC006017LAK;129;196;0.00833832
859;0LC006017LAK;130;196;0.00296684
859;0LC006017LAK;130;197;0.00787052
859;0LC006017LAK;131;196;0.00805226
859;0LC006017LAK;131;197;0.00106308
859;0LT0060090ED;182;192;0.15384615
859;0LT0060090ED;182;193;0.53846154
859;0LT0060090ED;182;194;0.07692308
859;0LT0060090ED;183;194;0.23076923
859;0LT006031PLA;177;200;0.03571429
859;0LT006031PLA;178;200;0.10714286
859;0LT006031PLA;179;198;0.03571429
859;0LT006031PLA;179;199;0.03571429
859;0LT006031PLA;179;201;0.07142857
859;0LT006031PLA;180;201;0.25000000
859;0LT006031PLA;180;202;0.14285714
859;0LT006031PLA;181;202;0.21428571
859;0LT006031PLA;182;202;0.10714286
859;0MC006003AMA;160;182;0.00196328
859;0MC006003AMA;161;176;0.01797472
859;0MC006003AMA;161;177;0.02406489
859;0MC006003AMA;161;179;0.03413480
859;0MC006003AMA;161;181;0.00636103
859;0MC006003AMA;161;182;0.00760264
859;0MC006003AMA;162;177;0.03886342
859;0MC006003AMA;162;178;0.07882049
859;0MC006003AMA;162;179;0.03810435
859;0MC006003AMA;162;181;0.01245431
859;0MC006003AMA;163;177;0.01201689
859;0MC006003AMA;163;178;0.03014066
859;0MC006003AMA;163;179;0.00259176
859;0MC006003AMA;163;180;0.00193109
859;0MC006003AMA;163;181;0.01235572
859;0MC006003AMA;164;178;0.03389788
859;0MC006003AMA;164;180;0.00286536
859;0MC006003AMA;164;181;0.11600294
859;0MC006003AMA;164;182;0.02829549
859;0MC006003AMA;164;183;0.01548382
859;0MC006003AMA;164;184;0.00028341
859;0MC006003AMA;165;178;0.12419398
859;0MC006003AMA;165;179;0.06099222
859;0MC006003AMA;165;180;0.00027982
859;0MC006003AMA;166;178;0.14214461
859;0MC006003AMA;167;178;0.00189269
859;0MC006003AMA;167;179;0.00325049
859;0MC006003AMA;168;179;0.00361087
859;0MC006003AMA;168;180;0.00364647
859;0MC006003AMA;169;179;0.00213520
859;0MC006003AMA;169;180;0.02496101
859;0MC006003AMA;170;180;0.05360860
859;0MC006003AMA;171;180;0.00084891
859;0MC006003AMA;171;181;0.00541040
859;0MC006003AMA;171;182;0.00335817
859;0MC006003AMA;172;182;0.00418652
859;0MC006003AMA;172;183;0.00095119
859;0MC006003AMA;173;183;0.00501145
859;0MC006003AMA;174;183;0.00485640
859;0MC006003AMA;175;183;0.00472266
859;0MC006003AMA;176;183;0.00142337
859;0MC006003AMA;176;184;0.00429743
859;0MC006003AMA;177;184;0.00430334
859;0MC006003AMA;177;185;0.00413643
859;0MC006003AMA;178;185;0.00182379
859;0MC006003AMA;178;186;0.00363617
859;0MC006003AMA;179;186;0.00582532
859;0MC006003AMA;179;187;0.00163119
859;0MC006003AMA;180;187;0.00274152
859;0MC006003AMA;180;188;0.00384043
859;0MC006003AMA;181;188;0.00007037
859;0MC006005CAL;168;174;0.50000000
859;0MC006005CAL;172;172;0.50000000
859;0MC0060090ED;159;186;0.05633803
859;0MC0060090ED;159;188;0.01408451
859;0MC0060090ED;160;185;0.08450704
859;0MC0060090ED;160;186;0.21126761
859;0MC0060090ED;161;193;0.01408451
859;0MC0060090ED;162;186;0.28169014
859;0MC0060090ED;162;187;0.02816901
859;0MC0060090ED;163;187;0.01408451
859;0MC0060090ED;164;188;0.06808895
859;0MC0060090ED;164;193;0.01408451
859;0MC0060090ED;165;187;0.04225352
859;0MC0060090ED;165;188;0.06647946
859;0MC0060090ED;165;189;0.00076965
859;0MC0060090ED;166;188;0.04776053
859;0MC0060090ED;168;187;0.01408451
859;0MC0060090ED;168;189;0.02816901
859;0MC0060090ED;170;189;0.01408451
859;0MC006022MPA;174;159;0.02303428
859;0MC006022MPA;174;160;0.01016652
859;0MC006022MPA;175;161;0.01039545
859;0MC006022MPA;176;160;0.01277747
859;0MC006022MPA;176;161;0.00952854
859;0MC006022MPA;177;160;0.00554616
859;0MC006022MPA;177;161;0.02030965
859;0MC006022MPA;177;162;0.00237996
859;0MC006022MPA;178;151;0.06088574
859;0MC006022MPA;178;160;0.00317406
859;0MC006022MPA;178;161;0.01893665
859;0MC006022MPA;179;151;0.00500914
859;0MC006022MPA;179;152;0.07436432
859;0MC006022MPA;179;158;0.00569129
859;0MC006022MPA;179;159;0.00712930
859;0MC006022MPA;179;160;0.00399049
859;0MC006022MPA;180;152;0.00112871
859;0MC006022MPA;180;153;0.07336862
859;0MC006022MPA;180;156;0.01676065
859;0MC006022MPA;180;157;0.02154366
859;0MC006022MPA;180;158;0.00317942
859;0MC006022MPA;180;164;0.00018010
859;0MC006022MPA;181;153;0.00294080
859;0MC006022MPA;181;154;0.10086251
859;0MC006022MPA;181;155;0.01711088
859;0MC006022MPA;181;156;0.00856388
859;0MC006022MPA;182;154;0.00715981
859;0MC006022MPA;182;155;0.07363853
859;0MC006022MPA;183;154;0.05092612
859;0MC006022MPA;183;155;0.05280838
859;0MC006022MPA;183;156;0.00323307
859;0MC006022MPA;183;157;0.00657070
859;0MC006022MPA;183;158;0.01180713
859;0MC006022MPA;183;159;0.00192644
859;0MC006022MPA;184;154;0.02074520
859;0MC006022MPA;184;156;0.01191776
859;0MC006022MPA;184;157;0.00614792
859;0MC006022MPA;184;159;0.01360702
859;0MC006022MPA;184;160;0.00749832
859;0MC006022MPA;185;154;0.02231727
859;0MC006022MPA;185;159;0.00985409
859;0MC006022MPA;185;160;0.00108116
859;0MC006022MPA;186;154;0.02136908
859;0MC006022MPA;186;159;0.00134061
859;0MC006022MPA;186;160;0.01074646
859;0MC006022MPA;187;154;0.02331504
859;0MC006022MPA;187;160;0.00842629
859;0MC006022MPA;188;153;0.01460004
859;0MC006022MPA;188;154;0.00916982
859;0MC006022MPA;190;154;0.03944891
859;0MC006022MPA;190;155;0.05138661
859;0MC006029NSI;160;202;0.03275915
859;0MC006029NSI;161;201;0.01637958
859;0MC006029NSI;168;204;0.00172255
859;0MC006029NSI;175;205;0.43969162
859;0MC006029NSI;176;204;0.21984581
859;0MC006029NSI;176;205;0.21984581
859;0MC006029NSI;178;204;0.04082499
859;0MC006029NSI;178;205;0.00831373
859;0MC006029NSI;179;205;0.02061677
859;0MC006031PLA;162;197;0.01439384
859;0MC006031PLA;162;198;0.05739456
859;0MC006031PLA;162;199;0.00018079
859;0MC006031PLA;164;196;0.00030247
859;0MC006031PLA;164;200;0.30000000
859;0MC006031PLA;164;201;0.30000000
859;0MC006031PLA;165;196;0.00689445
859;0MC006031PLA;168;204;0.30564799
859;0MC006031PLA;169;204;0.00079207
859;0MC006031PLA;178;204;0.00719692
859;0MC006031PLA;179;204;0.00719692
859;0MC006032NSI;156;231;0.02500000
859;0MC006032NSI;158;231;0.22498988
859;0MC006032NSI;161;214;0.02500000
859;0MC006032NSI;161;224;0.13503622
859;0MC006032NSI;163;225;0.02500000
859;0MC006032NSI;165;221;0.17999280
859;0MC006032NSI;172;217;0.02500000
859;0MC006032NSI;173;218;0.35998110
859;0MC006046NSI;182;214;1.00000000
859;0MC006055TUO;168;164;0.00005709
859;0MC006055TUO;169;164;0.04044464
859;0MC006055TUO;169;165;0.00271119
859;0MC006055TUO;170;164;0.02655728
859;0MC006055TUO;170;165;0.00707884
859;0MC006055TUO;171;164;0.03431491
859;0MC006055TUO;171;165;0.03411324
859;0MC006055TUO;172;165;0.02843885
859;0MC006055TUO;172;166;0.03878761
859;0MC006055TUO;172;168;0.04633616
859;0MC006055TUO;172;169;0.01730885
859;0MC006055TUO;173;165;0.08388473
859;0MC006055TUO;173;166;0.10147597
859;0MC006055TUO;173;167;0.14106962
859;0MC006055TUO;173;168;0.04759612
859;0MC006055TUO;173;169;0.03832362
859;0MC006055TUO;174;160;0.00041372
859;0MC006055TUO;174;164;0.02828083
859;0MC006055TUO;174;165;0.01076764
859;0MC006055TUO;174;168;0.10600085
859;0MC006055TUO;174;169;0.04005082
859;0MC006055TUO;175;160;0.00571851
859;0MC006055TUO;175;161;0.00068625
859;0MC006055TUO;175;164;0.03754915
859;0MC006055TUO;175;168;0.00495911
859;0MC006055TUO;176;162;0.00011855
859;0MC006055TUO;176;163;0.00379536
859;0MC006055TUO;176;164;0.00374241
859;0MC006055TUO;176;168;0.00563707
859;0MC006055TUO;177;162;0.00258748
859;0MC006055TUO;177;164;0.00130150
859;0MC006055TUO;177;168;0.00003004
859;0MC006055TUO;177;169;0.00634041
859;0MC006055TUO;177;170;0.00082952
859;0MC006055TUO;178;164;0.00120347
859;0MC006055TUO;178;170;0.00700301
859;0MC006055TUO;178;171;0.00096437
859;0MC006055TUO;179;164;0.00107883
859;0MC006055TUO;179;171;0.00599323
859;0MC006055TUO;180;164;0.00095093
859;0MC006055TUO;180;171;0.00122749
859;0MC006055TUO;180;172;0.00623295
859;0MC006055TUO;180;173;0.00071648
859;0MC006055TUO;181;164;0.00070200
859;0MC006055TUO;181;173;0.00592266
859;0MC006055TUO;182;164;0.00169953
859;0MC006055TUO;182;173;0.00184660
859;0MC006055TUO;182;174;0.00403812
859;0MC006055TUO;182;175;0.00082151
859;0MC006055TUO;182;176;0.00044784
859;0MC006055TUO;183;164;0.00171840
859;0MC006055TUO;183;176;0.00054322
859;0MC006055TUO;183;177;0.00062079
859;0MC006055TUO;184;163;0.00006115
859;0MC006055TUO;184;164;0.00179187
859;0MC006055TUO;184;177;0.00044429
859;0MC006055TUO;184;178;0.00087232
859;0MC006055TUO;185;163;0.00003487
859;0MC006055TUO;185;164;0.00080388
859;0MC006055TUO;185;178;0.00079224
859;0MC006055TUO;186;178;0.00075952
859;0MC006055TUO;187;177;0.00018471
859;0MC006055TUO;187;178;0.00069024
859;0MC006055TUO;188;177;0.00098041
859;0MC006055TUO;189;177;0.00084306
859;0MC006055TUO;189;178;0.00013086
859;0MC006055TUO;190;178;0.00008964
859;0MC006055TUO;198;166;0.00048159
859;0MD006015KER;214;91;0.00072464
859;0MD006015KER;214;92;0.00072464
859;0MD006015KER;214;94;0.03858208
859;0MD006015KER;215;90;0.00040191
859;0MD006015KER;215;100;0.00072464
859;0MD006015KER;216;90;0.00032273
859;0MD006015KER;216;91;0.00652174
859;0MD006015KER;216;104;0.00724638
859;0MD006015KER;216;105;0.00724638
859;0MD006015KER;217;91;0.00652174
859;0MD006015KER;217;107;0.00217391
859;0MD006015KER;217;108;0.00072464
859;0MD006015KER;217;109;0.00072464
859;0MD006015KER;218;91;0.00144928
859;0MD006015KER;218;96;0.00072464
859;0MD006015KER;218;105;0.00144928
859;0MD006015KER;218;108;0.00362319
859;0MD006015KER;219;105;0.00144928
859;0MD006015KER;222;91;0.03858208
859;0MD006015KER;223;89;0.00652174
859;0MD006015KER;223;90;0.00072464
859;0MD006015KER;224;84;0.00724638
859;0MD006015KER;224;86;0.00072464
859;0MD006015KER;224;89;0.00072464
859;0MD006015KER;227;91;0.00217391
859;0MD006015KER;227;92;0.00289855
859;0MD006015KER;227;96;0.00072464
859;0MD006015KER;228;91;0.00434783
859;0MD006015KER;229;91;0.00072464
859;0MD006015KER;230;106;0.00072464
859;0MD006015KER;231;106;0.00072464
859;0MD006015KER;232;106;0.00144928
859;0MD006015KER;233;106;0.00217391
859;0MD006015KER;234;88;0.82283584
859;0MD006015KER;234;104;0.00072464
859;0MD006015KER;234;105;0.01180578
859;0MD006015KER;234;106;0.01065799
859;0MD006015KER;235;88;0.00144928
859;0MD006015KER;235;105;0.00072464
859;0MD0060190AV;223;77;0.00035211
859;0MD0060190AV;223;78;0.00035211
859;0MD0060190AV;223;79;0.00025751
859;0MD0060190AV;223;80;0.00109740
859;0MD0060190AV;223;81;0.00316901
859;0MD0060190AV;224;77;0.00070423
859;0MD0060190AV;224;78;0.01420309
859;0MD0060190AV;224;79;0.45349714
859;0MD0060190AV;224;80;0.00148876
859;0MD0060190AV;225;75;0.00035204
859;0MD0060190AV;225;76;0.00440673
859;0MD0060190AV;225;77;0.01249475
859;0MD0060190AV;225;78;0.00658789
859;0MD0060190AV;225;79;0.03249307
859;0MD0060190AV;225;80;0.01044555
859;0MD0060190AV;226;76;0.00035211
859;0MD0060190AV;226;77;0.00211268
859;0MD0060190AV;226;80;0.00105634
859;0MD0060190AV;227;76;0.45000000
859;0MD0060190AV;227;79;0.00015509
859;0MD0060190AV;228;75;0.00176056
859;0MD0060190AV;228;79;0.00054914
859;0MD0060190AV;232;75;0.00035211
859;0MD0060190AV;232;78;0.00035211
859;0MD0060190AV;233;75;0.00070423
859;0MD0060190AV;234;75;0.00070423
859;0MD0060330SC;288;56;1.00000000
859;0MD006033MOJ;299;54;0.82283584
859;0MD006033MOJ;303;54;0.07901602
859;0MD006033MOJ;305;52;0.00370370
859;0MD006033MOJ;305;54;0.00370370
859;0MD006033MOJ;305;57;0.00370370
859;0MD006033MOJ;306;53;0.00445202
859;0MD006033MOJ;306;54;0.07147391
859;0MD006033MOJ;306;55;0.00185185
859;0MD006033MOJ;307;54;0.00925926
859;0MD006036MOJ;236;71;0.00142857
859;0MD006036MOJ;237;73;0.00142857
859;0MD006036MOJ;238;88;0.03000010
859;0MD006036MOJ;240;69;0.01117746
859;0MD006036MOJ;240;71;0.01882381
859;0MD006036MOJ;240;76;0.00142857
859;0MD006036MOJ;241;72;0.17705652
859;0MD006036MOJ;241;75;0.00142857
859;0MD006036MOJ;241;76;0.00148711
859;0MD006036MOJ;241;77;0.00279860
859;0MD006036MOJ;241;78;0.00142857
859;0MD006036MOJ;242;73;0.00191856
859;0MD006036MOJ;242;74;0.00285714
859;0MD006036MOJ;242;75;0.00171838
859;0MD006036MOJ;242;77;0.00428571
859;0MD006036MOJ;243;73;0.00522430
859;0MD006036MOJ;243;74;0.00142857
859;0MD006036MOJ;243;75;0.00814522
859;0MD006036MOJ;243;76;0.00013641
859;0MD006036MOJ;244;72;0.00142857
859;0MD006036MOJ;244;73;0.00142857
859;0MD006036MOJ;244;74;0.00704459
859;0MD006036MOJ;244;75;0.00152683
859;0MD006036MOJ;244;76;0.00285714
859;0MD006036MOJ;245;74;0.00285714
859;0MD006036MOJ;245;76;0.00142857
859;0MD006036MOJ;246;74;0.00285714
859;0MD006036MOJ;246;78;0.00285714
859;0MD006036MOJ;246;87;0.00142857
859;0MD006036MOJ;247;85;0.00285714
859;0MD006036MOJ;248;85;0.30108933
859;0MD006036MOJ;248;86;0.00142857
859;0MD006036MOJ;249;85;0.00142857
859;0MD006036MOJ;249;86;0.14109136
859;0MD006036MOJ;250;86;0.00428571
859;0MD006036MOJ;252;74;0.00285714
859;0MD006036MOJ;252;86;0.01378190
859;0MD006036MOJ;254;86;0.00142857
859;0MD006036MOJ;254;87;0.00176527
859;0MD006036MOJ;257;84;0.01235333
859;0MD006036MOJ;259;84;0.02705897
859;0MD006036MOJ;260;63;0.00142857
859;0MD006036MOJ;261;84;0.03764762
859;0MD006036MOJ;261;90;0.03764762
859;0MD006036MOJ;263;65;0.00142857
859;0MD006036MOJ;264;65;0.00230265
859;0MD006036MOJ;264;66;0.00341163
859;0MD006036MOJ;268;67;0.00142857
859;0MD006036MOJ;270;66;0.00142857
859;0MD006036MOJ;271;66;0.00285714
859;0MD006036MOJ;272;67;0.00142857
859;0MD006036MOJ;278;102;0.03764762
859;0MD006036MOJ;281;103;0.01882381
859;0MD006036MOJ;290;86;0.03764762
859;0MD006036MOJ;305;85;0.00353053
859;0NC006008NCU;107;277;1.00000000
859;0NC006012NCU;96;241;0.00169597
859;0NC006012NCU;96;244;0.00222222
859;0NC006012NCU;96;245;0.00444444
859;0NC006012NCU;96;246;0.00444444
859;0NC006012NCU;97;239;0.57142215
859;0NC006012NCU;97;240;0.02014082
859;0NC006012NCU;97;241;0.00052625
859;0NC006012NCU;97;245;0.00158315
859;0NC006012NCU;97;246;0.02888889
859;0NC006012NCU;97;254;0.14794198
859;0NC006012NCU;97;255;0.14794198
859;0NC006012NCU;98;225;0.00222222
859;0NC006012NCU;98;238;0.00222222
859;0NC006012NCU;98;245;0.00063908
859;0NC006012NCU;98;246;0.00222222
859;0NC006012NCU;98;248;0.00222222
859;0NC006012NCU;98;250;0.00222222
859;0NC006012NCU;99;248;0.00352541
859;0NC006012NCU;99;249;0.00758570
859;0NC006012NCU;100;248;0.00222222
859;0NC006012NCU;101;248;0.03699752
859;0NC006012NCU;102;231;0.00222222
859;0NC006012NCU;104;227;0.00222222
859;0NC006012NCU;107;253;0.00222222
859;0NC006023MEN;103;208;0.00047700
859;0NC006023MEN;103;209;0.04952300
859;0NC006023MEN;106;205;0.00037323
859;0NC006023MEN;107;205;0.01212677
859;0NC006023MEN;107;219;0.08307536
859;0NC006023MEN;109;199;0.01250000
859;0NC006023MEN;110;213;0.12461236
859;0NC006023MEN;111;212;0.01384705
859;0NC006023MEN;112;208;0.04155084
859;0NC006023MEN;115;199;0.01242190
859;0NC006023MEN;115;200;0.01257810
859;0NC006023MEN;115;201;0.63691438
859;0NC0060490NS;118;191;0.04885935
859;0NC0060490NS;118;192;0.01638101
859;0NC0060490NS;119;179;0.01638101
859;0NC0060490NS;119;181;0.01638101
859;0NC0060490NS;119;183;0.06552406
859;0NC0060490NS;119;190;0.01638101
859;0NC0060490NS;119;191;0.13133180
859;0NC0060490NS;120;180;0.03496323
859;0NC0060490NS;120;181;0.01417981
859;0NC0060490NS;121;181;0.03352015
859;0NC0060490NS;121;182;0.01638101
859;0NC0060490NS;121;186;0.35456886
859;0NC0060490NS;121;187;0.03276203
859;0NC0060490NS;121;188;0.01638101
859;0NC0060490NS;121;189;0.01638101
859;0NC0060490NS;122;185;0.09828609
859;0NC0060490NS;122;186;0.07133751
859;0NC006053NCU;109;248;0.30000400
859;0NC006053NCU;122;241;0.69999600
859;0SC0060190SC;208;82;0.42334978
859;0SC0060190SC;210;64;0.00005939
859;0SC0060190SC;211;64;0.00005196
859;0SC0060190SC;212;64;0.00002969
859;0SC0060190SC;213;64;0.00000143
859;0SC0060190SC;213;65;0.00000969
859;0SC0060190SC;213;72;0.00012517
859;0SC0060190SC;213;73;0.00010049
859;0SC0060190SC;214;63;0.00000106
859;0SC0060190SC;214;64;0.00000083
859;0SC0060190SC;214;65;0.00002517
859;0SC0060190SC;214;66;0.00005587
859;0SC0060190SC;214;67;0.00046893
859;0SC0060190SC;214;72;0.00498674
859;0SC0060190SC;214;73;0.00012430
859;0SC0060190SC;214;74;0.10660242
859;0SC0060190SC;215;61;0.00000742
859;0SC0060190SC;215;63;0.00000636
859;0SC0060190SC;215;65;0.00007423
859;0SC0060190SC;215;66;0.00027076
859;0SC0060190SC;215;67;0.00058519
859;0SC0060190SC;215;68;0.00001485
859;0SC0060190SC;215;70;0.00002227
859;0SC0060190SC;215;71;0.00002210
859;0SC0060190SC;215;72;0.00096472
859;0SC0060190SC;215;73;0.00020446
859;0SC0060190SC;216;61;0.00000742
859;0SC0060190SC;216;62;0.00001485
859;0SC0060190SC;216;65;0.00005196
859;0SC0060190SC;216;66;0.00009874
859;0SC0060190SC;216;67;0.00012396
859;0SC0060190SC;216;70;0.00000833
859;0SC0060190SC;216;71;0.00011804
859;0SC0060190SC;216;72;0.00020914
859;0SC0060190SC;216;73;0.00000517
859;0SC0060190SC;216;74;0.00000226
859;0SC0060190SC;217;60;0.00002227
859;0SC0060190SC;217;61;0.00049794
859;0SC0060190SC;217;62;0.00000742
859;0SC0060190SC;217;65;0.00003712
859;0SC0060190SC;217;66;0.00050278
859;0SC0060190SC;217;67;0.00003712
859;0SC0060190SC;217;68;0.00001260
859;0SC0060190SC;217;69;0.00022167
859;0SC0060190SC;217;71;0.00000852
859;0SC0060190SC;217;72;0.00013768
859;0SC0060190SC;218;60;0.00011044
859;0SC0060190SC;218;61;0.00027129
859;0SC0060190SC;218;62;0.00010672
859;0SC0060190SC;218;64;0.00001485
859;0SC0060190SC;218;65;0.00012474
859;0SC0060190SC;218;66;0.00031417
859;0SC0060190SC;218;67;0.00005764
859;0SC0060190SC;218;68;0.00066891
859;0SC0060190SC;218;69;0.00007671
859;0SC0060190SC;218;71;0.00000098
859;0SC0060190SC;218;72;0.00003712
859;0SC0060190SC;219;54;0.00000742
859;0SC0060190SC;219;56;0.00004454
859;0SC0060190SC;219;57;0.00005196
859;0SC0060190SC;219;58;0.00021950
859;0SC0060190SC;219;59;0.00001485
859;0SC0060190SC;219;60;0.00011118
859;0SC0060190SC;219;61;0.00031178
859;0SC0060190SC;219;62;0.00005954
859;0SC0060190SC;219;63;0.00002954
859;0SC0060190SC;219;64;0.00002227
859;0SC0060190SC;219;65;0.00008769
859;0SC0060190SC;219;66;0.00048835
859;0SC0060190SC;219;67;0.00085244
859;0SC0060190SC;219;68;0.00025020
859;0SC0060190SC;219;69;0.00000554
859;0SC0060190SC;219;72;0.00000742
859;0SC0060190SC;220;54;0.00000742
859;0SC0060190SC;220;55;0.00005770
859;0SC0060190SC;220;56;0.00017049
859;0SC0060190SC;220;57;0.00017780
859;0SC0060190SC;220;58;0.00033801
859;0SC0060190SC;220;59;0.00074190
859;0SC0060190SC;220;60;0.00021947
859;0SC0060190SC;220;61;0.00062700
859;0SC0060190SC;220;62;0.00018214
859;0SC0060190SC;220;63;0.00022979
859;0SC0060190SC;220;64;0.00001485
859;0SC0060190SC;220;65;0.00033585
859;0SC0060190SC;220;66;0.00081128
859;0SC0060190SC;220;67;0.00027400
859;0SC0060190SC;220;73;0.00000087
859;0SC0060190SC;220;74;0.00002140
859;0SC0060190SC;221;55;0.00065764
859;0SC0060190SC;221;56;0.00152660
859;0SC0060190SC;221;57;0.00030676
859;0SC0060190SC;221;58;0.00148707
859;0SC0060190SC;221;59;0.00012352
859;0SC0060190SC;221;60;0.00030624
859;0SC0060190SC;221;61;0.00026833
859;0SC0060190SC;221;62;0.00016223
859;0SC0060190SC;221;63;0.00031211
859;0SC0060190SC;221;64;0.00000742
859;0SC0060190SC;221;65;0.00065214
859;0SC0060190SC;221;66;0.00007072
859;0SC0060190SC;221;67;0.00000763
859;0SC0060190SC;221;68;0.00002207
859;0SC0060190SC;221;75;0.00000742
859;0SC0060190SC;222;42;0.00000742
859;0SC0060190SC;222;53;0.00008911
859;0SC0060190SC;222;54;0.00039234
859;0SC0060190SC;222;55;0.00078749
859;0SC0060190SC;222;56;0.00530758
859;0SC0060190SC;222;57;0.00272103
859;0SC0060190SC;222;58;0.00218915
859;0SC0060190SC;222;59;0.00023641
859;0SC0060190SC;222;60;0.00083406
859;0SC0060190SC;222;61;0.00276570
859;0SC0060190SC;222;62;0.00074622
859;0SC0060190SC;222;63;0.00027050
859;0SC0060190SC;222;64;0.00058363
859;0SC0060190SC;222;65;0.00032602
859;0SC0060190SC;222;67;0.00009650
859;0SC0060190SC;223;54;0.00032992
859;0SC0060190SC;223;55;0.00075660
859;0SC0060190SC;223;56;0.00123197
859;0SC0060190SC;223;57;0.00195893
859;0SC0060190SC;223;58;0.00033434
859;0SC0060190SC;223;59;0.00073380
859;0SC0060190SC;223;60;0.00210809
859;0SC0060190SC;223;61;0.00681353
859;0SC0060190SC;223;62;0.00258862
859;0SC0060190SC;223;63;0.00047867
859;0SC0060190SC;223;64;0.00016650
859;0SC0060190SC;223;65;0.00003712
859;0SC0060190SC;223;66;0.00002969
859;0SC0060190SC;223;67;0.00000742
859;0SC0060190SC;224;54;0.00017371
859;0SC0060190SC;224;55;0.00110525
859;0SC0060190SC;224;56;0.00028757
859;0SC0060190SC;224;57;0.00093581
859;0SC0060190SC;224;58;0.00079660
859;0SC0060190SC;224;59;0.00070979
859;0SC0060190SC;224;60;0.00198975
859;0SC0060190SC;224;61;0.00229239
859;0SC0060190SC;224;62;0.00037612
859;0SC0060190SC;224;63;0.00009898
859;0SC0060190SC;224;64;0.00006681
859;0SC0060190SC;224;65;0.00002227
859;0SC0060190SC;224;66;0.00003712
859;0SC0060190SC;225;54;0.00004454
859;0SC0060190SC;225;55;0.00102068
859;0SC0060190SC;225;56;0.00013540
859;0SC0060190SC;225;57;0.00064434
859;0SC0060190SC;225;58;0.00073473
859;0SC0060190SC;225;59;0.00037135
859;0SC0060190SC;225;60;0.07095794
859;0SC0060190SC;225;61;0.00184335
859;0SC0060190SC;225;62;0.00009852
859;0SC0060190SC;225;63;0.00041571
859;0SC0060190SC;225;64;0.00020325
859;0SC0060190SC;225;65;0.00007884
859;0SC0060190SC;225;66;0.00001485
859;0SC0060190SC;226;55;0.00000742
859;0SC0060190SC;226;56;0.00004298
859;0SC0060190SC;226;57;0.00038606
859;0SC0060190SC;226;58;0.00468436
859;0SC0060190SC;226;59;0.00048946
859;0SC0060190SC;226;60;0.28497030
859;0SC0060190SC;226;61;0.00026619
859;0SC0060190SC;226;62;0.00020584
859;0SC0060190SC;226;63;0.00040828
859;0SC0060190SC;226;64;0.00001485
859;0SC0060190SC;226;65;0.00013362
859;0SC0060190SC;227;56;0.00004610
859;0SC0060190SC;227;57;0.00067333
859;0SC0060190SC;227;58;0.00161105
859;0SC0060190SC;227;59;0.00337174
859;0SC0060190SC;227;60;0.00067166
859;0SC0060190SC;227;61;0.00039982
859;0SC0060190SC;227;62;0.00290163
859;0SC0060190SC;227;63;0.00071078
859;0SC0060190SC;227;64;0.00005939
859;0SC0060190SC;227;65;0.00008947
859;0SC0060190SC;228;57;0.00081042
859;0SC0060190SC;228;58;0.00051075
859;0SC0060190SC;228;59;0.00005196
859;0SC0060190SC;228;60;0.00000605
859;0SC0060190SC;228;61;0.00016754
859;0SC0060190SC;228;62;0.00103208
859;0SC0060190SC;228;63;0.00067062
859;0SC0060190SC;228;64;0.00042013
859;0SC0060190SC;228;65;0.00015423
859;0SC0060190SC;229;58;0.00000030
859;0SC0060190SC;229;61;0.00122167
859;0SC0060190SC;229;62;0.00061002
859;0SC0060190SC;229;63;0.00079260
859;0SC0060190SC;229;64;0.00107711
859;0SC0060190SC;229;65;0.00000742
859;0SC0060190SC;230;60;0.00000742
859;0SC0060190SC;230;61;0.00154668
859;0SC0060190SC;230;62;0.00006681
859;0SC0060190SC;230;63;0.00038717
859;0SC0060190SC;230;64;0.00566160
859;0SC0060190SC;230;65;0.00022278
859;0SC0060190SC;231;61;0.00112507
859;0SC0060190SC;231;63;0.00019301
859;0SC0060190SC;231;64;0.00027466
859;0SC0060190SC;232;61;0.00085296
859;0SC0060190SC;232;62;0.00044642
859;0SC0060190SC;232;63;0.00002256
859;0SC0060190SC;232;64;0.00054162
859;0SC0060190SC;233;62;0.00146025
859;0SC0060190SC;233;63;0.00067148
859;0SC0060190SC;233;64;0.00026154
859;0SC0060190SC;234;61;0.00005572
859;0SC0060190SC;234;62;0.00073151
859;0SC0060190SC;234;63;0.00059159
859;0SC0060190SC;234;64;0.00000742
859;0SC0060190SC;235;63;0.00001485
859;0SC0060190SC;235;64;0.00002969
859;0SC0060300SC;227;54;0.00004642
859;0SC0060300SC;227;55;0.00107476
859;0SC0060300SC;227;56;0.00008764
859;0SC0060300SC;227;57;0.00004343
859;0SC0060300SC;228;52;0.00012207
859;0SC0060300SC;228;53;0.00620538
859;0SC0060300SC;228;54;0.00276583
859;0SC0060300SC;228;55;0.00422645
859;0SC0060300SC;228;56;0.00052586
859;0SC0060300SC;228;57;0.00241084
859;0SC0060300SC;229;51;0.00004382
859;0SC0060300SC;229;52;0.15079396
859;0SC0060300SC;229;53;0.00135258
859;0SC0060300SC;229;54;0.15072220
859;0SC0060300SC;229;55;0.00127084
859;0SC0060300SC;229;56;0.15028727
859;0SC0060300SC;229;57;0.00172854
859;0SC0060300SC;229;58;0.15008586
859;0SC0060300SC;229;59;0.00004382
859;0SC0060300SC;230;50;0.00004382
859;0SC0060300SC;230;51;0.00245403
859;0SC0060300SC;230;52;0.00198637
859;0SC0060300SC;230;53;0.00721336
859;0SC0060300SC;230;54;0.00267314
859;0SC0060300SC;230;55;0.00035058
859;0SC0060300SC;230;56;0.00084397
859;0SC0060300SC;230;57;0.00082691
859;0SC0060300SC;230;58;0.00110802
859;0SC0060300SC;230;59;0.00213893
859;0SC0060300SC;231;50;0.00008764
859;0SC0060300SC;231;51;0.00013147
859;0SC0060300SC;231;52;0.00164822
859;0SC0060300SC;231;53;0.00230667
859;0SC0060300SC;231;54;0.00162510
859;0SC0060300SC;231;55;0.00307482
859;0SC0060300SC;231;56;0.00374921
859;0SC0060300SC;231;57;0.00489711
859;0SC0060300SC;231;58;0.00004382
859;0SC0060300SC;231;59;0.00148582
859;0SC0060300SC;232;52;0.00551026
859;0SC0060300SC;232;53;0.00584239
859;0SC0060300SC;232;54;0.00245781
859;0SC0060300SC;232;55;0.00167047
859;0SC0060300SC;232;56;0.00332605
859;0SC0060300SC;232;57;0.00816070
859;0SC0060300SC;232;58;0.00015838
859;0SC0060300SC;232;59;0.00001691
859;0SC0060300SC;233;52;0.00019895
859;0SC0060300SC;233;53;0.00290502
859;0SC0060300SC;233;54;0.00003290
859;0SC0060300SC;233;57;0.00097090
859;0SC0060300SC;234;48;0.00008764
859;0SC0060300SC;234;49;0.00008764
859;0SC0060300SC;234;53;0.00004382
859;0SC0060300SC;234;57;0.30000000
859;0SC0060300SC;235;49;0.00017529
859;0SC0060300SC;235;51;0.00324282
859;0SC0060300SC;236;46;0.00013147
859;0SC0060300SC;236;47;0.00061351
859;0SC0060300SC;236;49;0.00035058
859;0SC0060300SC;236;50;0.00085556
859;0SC0060300SC;236;51;0.00002088
859;0SC0060300SC;237;45;0.00048204
859;0SC0060300SC;237;46;0.00008764
859;0SC0060300SC;238;46;0.00004382
859;0SC0060330SC;236;58;0.00006477
859;0SC0060330SC;237;57;0.00006477
859;0SC0060330SC;237;58;0.00267588
859;0SC0060330SC;237;60;0.00007159
859;0SC0060330SC;238;57;0.00059407
859;0SC0060330SC;238;58;0.00529464
859;0SC0060330SC;238;59;0.00104050
859;0SC0060330SC;238;60;0.00044655
859;0SC0060330SC;238;61;0.00103924
859;0SC0060330SC;238;62;0.00042074
859;0SC0060330SC;239;56;0.00052486
859;0SC0060330SC;239;57;0.00195622
859;0SC0060330SC;239;58;0.00362939
859;0SC0060330SC;239;59;0.00019430
859;0SC0060330SC;239;60;0.00035463
859;0SC0060330SC;239;61;0.00222165
859;0SC0060330SC;239;62;0.00386529
859;0SC0060330SC;240;55;0.00031986
859;0SC0060330SC;240;56;0.00032109
859;0SC0060330SC;240;58;0.00268495
859;0SC0060330SC;240;59;0.00077720
859;0SC0060330SC;240;60;0.00120754
859;0SC0060330SC;240;61;0.00129534
859;0SC0060330SC;241;54;0.00012953
859;0SC0060330SC;241;58;0.00006477
859;0SC0060330SC;241;59;0.00135966
859;0SC0060330SC;241;60;0.00283116
859;0SC0060330SC;241;61;0.00063625
859;0SC0060330SC;241;62;0.00001142
859;0SC0060330SC;242;51;0.00006477
859;0SC0060330SC;242;52;0.00000032
859;0SC0060330SC;242;59;0.00045334
859;0SC0060330SC;242;60;0.00133993
859;0SC0060330SC;242;61;0.00161168
859;0SC0060330SC;242;62;0.00104345
859;0SC0060330SC;243;51;0.00006477
859;0SC0060330SC;243;52;0.00019398
859;0SC0060330SC;243;53;0.00073429
859;0SC0060330SC;243;56;0.00006477
859;0SC0060330SC;243;58;0.00046698
859;0SC0060330SC;243;60;0.00045861
859;0SC0060330SC;243;61;0.00846954
859;0SC0060330SC;243;62;0.00152950
859;0SC0060330SC;244;51;0.00031994
859;0SC0060330SC;244;52;0.00064767
859;0SC0060330SC;244;53;0.00056105
859;0SC0060330SC;244;57;0.00006477
859;0SC0060330SC;244;58;0.00044442
859;0SC0060330SC;244;59;0.00235103
859;0SC0060330SC;244;60;0.02086917
859;0SC0060330SC;244;61;0.00055051
859;0SC0060330SC;245;50;0.00006477
859;0SC0060330SC;245;51;0.00084586
859;0SC0060330SC;245;52;0.02075905
859;0SC0060330SC;245;54;0.00019430
859;0SC0060330SC;245;55;0.00006477
859;0SC0060330SC;245;57;0.00019430
859;0SC0060330SC;245;58;0.00056095
859;0SC0060330SC;245;59;0.00153514
859;0SC0060330SC;245;60;0.00124175
859;0SC0060330SC;246;49;0.00006333
859;0SC0060330SC;246;50;0.00057570
859;0SC0060330SC;246;52;0.00006477
859;0SC0060330SC;246;53;0.00019430
859;0SC0060330SC;246;55;0.00051814
859;0SC0060330SC;246;56;0.02132767
859;0SC0060330SC;246;57;0.00117766
859;0SC0060330SC;246;58;0.00098899
859;0SC0060330SC;246;59;0.00098182
859;0SC0060330SC;246;60;0.00071243
859;0SC0060330SC;247;48;0.00211328
859;0SC0060330SC;247;49;0.02187529
859;0SC0060330SC;247;50;0.00006477
859;0SC0060330SC;247;51;0.00019430
859;0SC0060330SC;247;52;0.00012953
859;0SC0060330SC;247;53;0.00071243
859;0SC0060330SC;247;54;0.00064767
859;0SC0060330SC;247;55;0.00012406
859;0SC0060330SC;247;59;0.00006477
859;0SC0060330SC;247;60;0.02030568
859;0SC0060330SC;248;46;0.02056475
859;0SC0060330SC;248;47;0.00012953
859;0SC0060330SC;248;48;0.00449294
859;0SC0060330SC;248;49;0.00096495
859;0SC0060330SC;248;50;0.00006477
859;0SC0060330SC;248;54;0.00012953
859;0SC0060330SC;248;55;0.00000547
859;0SC0060330SC;248;56;0.00006477
859;0SC0060330SC;248;57;0.00006477
859;0SC0060330SC;249;47;0.02049998
859;0SC0060330SC;249;48;0.00025907
859;0SC0060330SC;249;50;0.00006477
859;0SC0060330SC;249;53;0.00012953
859;0SC0060330SC;249;54;0.00006477
859;0SC0060330SC;249;61;0.00005421
859;0SC0060330SC;250;47;0.00012953
859;0SC0060330SC;250;54;0.00000602
859;0SC0060330SC;250;61;0.00052869
859;0SC0060330SC;250;62;0.00006477
859;0SC0060330SC;251;54;0.00075798
859;0SC0060330SC;251;55;0.00044332
859;0SC0060330SC;251;56;0.00002759
859;0SC0060330SC;251;59;0.00048415
859;0SC0060330SC;251;60;0.21729038
859;0SC0060330SC;251;61;0.00012953
859;0SC0060330SC;252;54;0.00034709
859;0SC0060330SC;252;55;0.02237822
859;0SC0060330SC;252;56;0.00074961
859;0SC0060330SC;252;59;0.00780133
859;0SC0060330SC;252;60;0.00086205
859;0SC0060330SC;253;55;0.00051814
859;0SC0060330SC;253;59;0.00012953
859;0SC0060330SC;253;60;0.00051814
859;0SC0060330SC;254;55;0.00012953
859;0SC0060330SC;254;59;0.00044490
859;0SC0060330SC;254;60;0.00046184
859;0SC0060330SC;255;60;0.04074091
859;0SC0060330SC;256;59;0.00012953
859;0SC0060330SC;256;60;0.48041455
859;0SC0060330SC;258;49;0.00006477
859;0SC0060330SC;258;54;0.00006477
859;0SC0060330SC;259;50;0.00012953
859;0SC0060360SC;234;61;0.00032261
859;0SC0060360SC;234;62;0.00021492
859;0SC0060360SC;235;60;0.00107043
859;0SC0060360SC;235;61;0.00641562
859;0SC0060360SC;235;62;0.00021482
859;0SC0060360SC;235;63;0.00042964
859;0SC0060360SC;235;64;0.00010741
859;0SC0060360SC;236;60;0.00300751
859;0SC0060360SC;236;61;0.00064446
859;0SC0060360SC;236;62;0.00148266
859;0SC0060360SC;236;63;0.00171857
859;0SC0060360SC;236;64;0.00068576
859;0SC0060360SC;236;65;0.00006612
859;0SC0060360SC;237;60;0.00014284
859;0SC0060360SC;237;61;0.00071645
859;0SC0060360SC;237;62;0.00479278
859;0SC0060360SC;237;63;0.00125737
859;0SC0060360SC;237;64;0.00064446
859;0SC0060360SC;237;65;0.00021482
859;0SC0060360SC;238;61;0.00010741
859;0SC0060360SC;238;62;0.00601929
859;0SC0060360SC;238;63;0.70905670
859;0SC0060360SC;238;64;0.00281072
859;0SC0060360SC;238;65;0.00032223
859;0SC0060360SC;239;62;0.00589485
859;0SC0060360SC;239;63;0.00680695
859;0SC0060360SC;239;64;0.00071256
859;0SC0060360SC;239;65;0.00010741
859;0SC0060360SC;240;62;0.00044808
859;0SC0060360SC;240;63;0.10625552
859;0SC0060360SC;240;64;0.00192574
859;0SC0060360SC;240;65;0.00010741
859;0SC0060360SC;241;62;0.00014975
859;0SC0060360SC;241;63;0.00149701
859;0SC0060360SC;241;64;0.00053531
859;0SC0060360SC;241;65;0.00115658
859;0SC0060360SC;241;66;0.00010741
859;0SC0060360SC;241;68;0.00010741
859;0SC0060360SC;242;62;0.00123124
859;0SC0060360SC;242;63;0.03081695
859;0SC0060360SC;242;64;0.00200997
859;0SC0060360SC;242;65;0.00049450
859;0SC0060360SC;242;66;0.00019526
859;0SC0060360SC;242;67;0.00044953
859;0SC0060360SC;243;62;0.00070215
859;0SC0060360SC;243;63;0.00121788
859;0SC0060360SC;243;64;0.00084142
859;0SC0060360SC;243;65;0.00157285
859;0SC0060360SC;243;66;0.00121983
859;0SC0060360SC;244;62;0.00042964
859;0SC0060360SC;244;63;0.04489791
859;0SC0060360SC;244;64;0.00508872
859;0SC0060360SC;244;65;0.00189537
859;0SC0060360SC;244;66;0.00107411
859;0SC0060360SC;244;68;0.00010741
859;0SC0060360SC;245;63;0.00386505
859;0SC0060360SC;245;64;0.00360945
859;0SC0060360SC;245;65;0.00142819
859;0SC0060360SC;245;68;0.00010741
859;0SC0060360SC;246;63;0.00215599
859;0SC0060360SC;246;64;0.00174724
859;0SC0060360SC;246;65;0.00075188
859;0SC0060360SC;246;68;0.00010741
859;0SC0060360SC;247;62;0.00010741
859;0SC0060360SC;247;63;0.00064446
859;0SC0060360SC;247;64;0.00010741
859;0SC0060360SC;247;68;0.00010741
859;0SC0060360SC;248;63;0.00021482
859;0SC0060360SC;248;67;0.00010741
859;0SC0060360SC;249;62;0.02091238
859;0SC0060360SC;249;63;0.00010741
859;0SC0060360SC;250;62;0.00042964
859;0SC0060360SC;250;63;0.00010741
859;0SC0060360SC;252;68;0.00021482
859;0SC0060360SC;252;69;0.00010741
859;0SC0060360SC;253;64;0.00010741
859;0SC0060360SC;253;68;0.00000008
859;0SC0060360SC;253;69;0.00010733
859;0SC0060360SC;254;69;0.00010741
859;0SC0060360SC;255;68;0.00010741
859;0SC0060360SC;255;69;0.00010741
859;0SD0060370SD;242;41;0.13845860
859;0SD0060370SD;243;39;0.00015725
859;0SD0060370SD;244;37;0.00013450
859;0SD0060370SD;244;38;0.00020175
859;0SD0060370SD;244;39;0.00068337
859;0SD0060370SD;244;40;0.00098963
859;0SD0060370SD;244;41;0.00001912
859;0SD0060370SD;245;35;0.00020175
859;0SD0060370SD;245;36;0.00006725
859;0SD0060370SD;245;37;0.00119590
859;0SD0060370SD;245;38;0.00011013
859;0SD0060370SD;245;39;0.00039789
859;0SD0060370SD;245;40;0.00060224
859;0SD0060370SD;245;41;0.00003363
859;0SD0060370SD;246;28;0.00003363
859;0SD0060370SD;246;29;0.00025763
859;0SD0060370SD;246;30;0.00001136
859;0SD0060370SD;246;32;0.00003262
859;0SD0060370SD;246;33;0.00010188
859;0SD0060370SD;246;34;0.08886307
859;0SD0060370SD;246;35;0.00018997
859;0SD0060370SD;246;36;0.00020175
859;0SD0060370SD;246;37;0.00114903
859;0SD0060370SD;246;38;0.00030218
859;0SD0060370SD;246;39;0.00045760
859;0SD0060370SD;246;40;0.00106413
859;0SD0060370SD;246;44;0.00063887
859;0SD0060370SD;247;26;0.00006065
859;0SD0060370SD;247;27;0.00033203
859;0SD0060370SD;247;28;0.00006725
859;0SD0060370SD;247;29;0.00026900
859;0SD0060370SD;247;30;0.00003363
859;0SD0060370SD;247;31;0.00033625
859;0SD0060370SD;247;32;0.00010088
859;0SD0060370SD;247;33;0.00003363
859;0SD0060370SD;247;35;0.00006725
859;0SD0060370SD;247;36;0.00003363
859;0SD0060370SD;247;37;0.00024974
859;0SD0060370SD;247;38;0.00215971
859;0SD0060370SD;247;39;0.00030262
859;0SD0060370SD;247;40;0.00013450
859;0SD0060370SD;248;25;0.00010087
859;0SD0060370SD;248;26;0.00024179
859;0SD0060370SD;248;27;0.00364935
859;0SD0060370SD;248;28;0.00069265
859;0SD0060370SD;248;29;0.00011809
859;0SD0060370SD;248;30;0.00012654
859;0SD0060370SD;248;31;0.00412549
859;0SD0060370SD;248;38;0.00128422
859;0SD0060370SD;248;40;0.00003363
859;0SD0060370SD;248;46;0.00834387
859;0SD0060370SD;249;26;0.00568258
859;0SD0060370SD;249;27;0.00055315
859;0SD0060370SD;249;28;0.00036987
859;0SD0060370SD;249;29;0.00434756
859;0SD0060370SD;249;30;0.00038812
859;0SD0060370SD;249;31;0.00283652
859;0SD0060370SD;249;32;0.00013450
859;0SD0060370SD;249;33;0.00006725
859;0SD0060370SD;249;34;0.00000233
859;0SD0060370SD;249;35;0.00003130
859;0SD0060370SD;249;37;0.00422672
859;0SD0060370SD;249;38;0.00135869
859;0SD0060370SD;250;23;0.00043368
859;0SD0060370SD;250;24;0.00080437
859;0SD0060370SD;250;25;0.00677424
859;0SD0060370SD;250;26;0.00259219
859;0SD0060370SD;250;27;0.00047427
859;0SD0060370SD;250;28;0.00226780
859;0SD0060370SD;250;29;0.00068003
859;0SD0060370SD;250;31;0.00046906
859;0SD0060370SD;250;32;0.00016812
859;0SD0060370SD;250;33;0.00011787
859;0SD0060370SD;250;34;0.00128227
859;0SD0060370SD;250;35;0.00048123
859;0SD0060370SD;250;36;0.00003363
859;0SD0060370SD;250;37;0.00340056
859;0SD0060370SD;250;38;0.00029950
859;0SD0060370SD;250;40;0.00003363
859;0SD0060370SD;251;22;0.00100874
859;0SD0060370SD;251;23;0.00323916
859;0SD0060370SD;251;24;0.00016836
859;0SD0060370SD;251;25;0.00058422
859;0SD0060370SD;251;26;0.00033317
859;0SD0060370SD;251;27;0.00080699
859;0SD0060370SD;251;28;0.00013245
859;0SD0060370SD;251;29;0.00008950
859;0SD0060370SD;251;32;0.00227426
859;0SD0060370SD;251;33;0.00071834
859;0SD0060370SD;251;34;0.00006887
859;0SD0060370SD;251;35;0.00003363
859;0SD0060370SD;251;38;0.00016812
859;0SD0060370SD;251;40;0.05828965
859;0SD0060370SD;252;22;0.00020749
859;0SD0060370SD;252;23;0.00104237
859;0SD0060370SD;252;24;0.00016150
859;0SD0060370SD;252;25;0.00003363
859;0SD0060370SD;252;26;0.00067250
859;0SD0060370SD;252;27;0.00184936
859;0SD0060370SD;252;28;0.00087629
859;0SD0060370SD;252;29;0.00003363
859;0SD0060370SD;252;30;0.00003363
859;0SD0060370SD;252;32;0.00016812
859;0SD0060370SD;252;33;0.00006725
859;0SD0060370SD;252;36;0.00001822
859;0SD0060370SD;252;37;0.00001540
859;0SD0060370SD;252;41;0.00003363
859;0SD0060370SD;253;22;0.00191087
859;0SD0060370SD;253;24;0.00004024
859;0SD0060370SD;253;25;0.00053800
859;0SD0060370SD;253;26;0.00003885
859;0SD0060370SD;253;27;0.00056639
859;0SD0060370SD;253;28;0.00100874
859;0SD0060370SD;253;29;0.00616038
859;0SD0060370SD;253;30;0.00264930
859;0SD0060370SD;253;32;0.00010312
859;0SD0060370SD;254;22;0.43309509
859;0SD0060370SD;254;23;0.00003363
859;0SD0060370SD;254;27;0.00006725
859;0SD0060370SD;254;28;0.00006725
859;0SD0060370SD;254;29;0.00053800
859;0SD0060370SD;254;30;0.00088365
859;0SD0060370SD;254;31;0.00009147
859;0SD0060370SD;254;32;0.00006500
859;0SD0060370SD;255;26;0.00003363
859;0SD0060370SD;255;29;0.00003363
859;0SD0060370SD;255;30;0.00070612
859;0SD0060370SD;255;35;0.00034635
859;0SD0060370SD;255;36;0.00015802
859;0SD0060370SD;257;30;0.00013450
859;0SD0060370SD;258;30;0.00006725
859;0SD0060370SD;260;30;0.08861592
859;0SD0060370SD;260;37;0.00003363
859;0SD0060370SD;261;23;0.00003363
859;0SD0060370SD;261;37;0.00006725
859;0SD0060370SD;264;28;0.08861592
859;0SD0060370SD;265;24;0.00013449
859;0SD0060370SD;265;25;0.00003363
859;0SD0060370SD;266;42;0.00023537
859;0SF0060010BA;133;163;0.00011358
859;0SF0060010BA;133;164;0.00750482
859;0SF0060010BA;133;165;0.00450973
859;0SF0060010BA;133;166;0.00242125
859;0SF0060010BA;134;162;0.00018524
859;0SF0060010BA;134;163;0.00616895
859;0SF0060010BA;134;164;0.00297708
859;0SF0060010BA;134;165;0.00081612
859;0SF0060010BA;134;166;0.00012570
859;0SF0060010BA;135;161;0.00238742
859;0SF0060010BA;135;162;0.53099999
859;0SF0060010BA;135;163;0.00462070
859;0SF0060010BA;135;164;0.00040136
859;0SF0060010BA;136;159;0.00240254
859;0SF0060010BA;136;160;0.00145623
859;0SF0060010BA;136;161;0.00791844
859;0SF0060010BA;136;162;0.00172296
859;0SF0060010BA;136;163;0.00012350
859;0SF0060010BA;137;158;0.00065928
859;0SF0060010BA;137;159;0.01037225
859;0SF0060010BA;137;160;0.00269337
859;0SF0060010BA;137;161;0.00029252
859;0SF0060010BA;138;156;0.00083886
859;0SF0060010BA;138;157;0.00021612
859;0SF0060010BA;138;158;0.00695307
859;0SF0060010BA;138;159;0.00354537
859;0SF0060010BA;138;160;0.00038944
859;0SF0060010BA;138;161;0.00019374
859;0SF0060010BA;139;155;0.00000036
859;0SF0060010BA;139;156;0.00134372
859;0SF0060010BA;139;157;0.00055728
859;0SF0060010BA;139;158;0.00161824
859;0SF0060010BA;139;161;0.00003087
859;0SF0060010BA;140;155;0.15246309
859;0SF0060010BA;140;156;0.00339212
859;0SF0060010BA;140;157;0.00012350
859;0SF0060010BA;141;154;0.00044919
859;0SF0060010BA;141;155;0.00110668
859;0SF0060010BA;141;156;0.00018553
859;0SF0060010BA;141;157;0.07501250
859;0SF0060010BA;141;160;0.00003087
859;0SF0060010BA;141;161;0.00148194
859;0SF0060010BA;142;159;0.00027786
859;0SF0060010BA;142;160;0.00228466
859;0SF0060010BA;142;161;0.00021612
859;0SF0060010BA;143;160;0.00008931
859;0SF0060010BA;143;161;0.00018524
859;0SF0060010BA;144;160;0.00168407
859;0SF0060010BA;144;161;0.00033569
859;0SF0060010BA;145;160;0.00056342
859;0SF0060010BA;145;161;0.07699974
859;0SF0060010BA;146;161;0.07655838
859;0SF0060070BA;133;167;0.01034483
859;0SF0060070BA;134;169;0.00344828
859;0SF0060070BA;135;166;0.00689655
859;0SF0060070BA;137;166;0.00689655
859;0SF0060070BA;137;168;0.01034483
859;0SF0060070BA;137;169;0.01724138
859;0SF0060070BA;138;166;0.01034483
859;0SF0060070BA;138;167;0.91034483
859;0SF0060070BA;139;167;0.00344828
859;0SF0060070BA;139;168;0.00689655
859;0SF0060070BA;140;163;0.00344828
859;0SF0060070BA;143;169;0.00344828
859;0SF0060070BA;144;169;0.00689655
859;0SF0060210BA;128;170;0.42864999
859;0SF0060210BA;129;165;0.57135001
859;0SF0060280BA;130;183;0.03225806
859;0SF0060280BA;133;177;0.06451613
859;0SF0060280BA;134;174;0.32258065
859;0SF0060280BA;134;175;0.41935484
859;0SF0060280BA;134;176;0.16129032
859;0SF0060380BA;129;161;0.00630634
859;0SF0060380BA;130;161;0.00404605
859;0SF0060380BA;130;162;0.00630634
859;0SF0060380BA;130;163;0.05045075
859;0SF0060380BA;131;161;0.00585796
859;0SF0060380BA;131;162;0.81982470
859;0SF0060380BA;131;163;0.10090150
859;0SF0060380BA;131;164;0.00630634
859;0SF0060410BA;128;156;0.00010556
859;0SF0060410BA;128;158;0.00005279
859;0SF0060410BA;129;156;0.00321998
859;0SF0060410BA;129;158;0.00015836
859;0SF0060410BA;129;159;0.00042229
859;0SF0060410BA;129;160;0.00017289
859;0SF0060410BA;129;161;0.00102708
859;0SF0060410BA;130;154;0.00010557
859;0SF0060410BA;130;155;0.00047508
859;0SF0060410BA;130;159;0.00465926
859;0SF0060410BA;130;160;0.01264879
859;0SF0060410BA;130;161;0.00185962
859;0SF0060410BA;131;149;0.00010557
859;0SF0060410BA;131;157;0.90000000
859;0SF0060410BA;131;158;0.00748259
859;0SF0060410BA;131;159;0.00467660
859;0SF0060410BA;131;160;0.01475464
859;0SF0060410BA;131;161;0.00778428
859;0SF0060410BA;132;156;0.00005279
859;0SF0060410BA;132;157;0.00159242
859;0SF0060410BA;132;158;0.00258139
859;0SF0060410BA;133;156;0.00263416
859;0SF0060410BA;133;157;0.00465735
859;0SF0060410BA;134;154;0.00005279
859;0SF0060410BA;134;155;0.00580320
859;0SF0060410BA;134;156;0.00643254
859;0SF0060410BA;134;157;0.00005003
859;0SF0060410BA;135;152;0.00005279
859;0SF0060410BA;135;154;0.00026393
859;0SF0060410BA;135;155;0.01227199
859;0SF0060410BA;135;156;0.00043732
859;0SF0060410BA;136;154;0.00031672
859;0SF0060410BA;136;155;0.00308966
859;0SF0060430BA;136;153;0.00020080
859;0SF0060430BA;136;154;0.00161425
859;0SF0060430BA;137;153;0.00582329
859;0SF0060430BA;137;154;0.00039378
859;0SF0060430BA;138;150;0.00020080
859;0SF0060430BA;138;151;0.00060241
859;0SF0060430BA;138;152;0.00160643
859;0SF0060430BA;138;153;0.00100402
859;0SF0060430BA;139;151;0.00020080
859;0SF0060430BA;139;152;0.00180723
859;0SF0060430BA;139;153;0.00381526
859;0SF0060430BA;140;148;0.00281125
859;0SF0060430BA;140;149;0.00717541
859;0SF0060430BA;140;150;0.00312842
859;0SF0060430BA;140;151;0.00076448
859;0SF0060430BA;140;152;0.00757649
859;0SF0060430BA;141;149;0.00019588
859;0SF0060430BA;141;150;0.00160643
859;0SF0060430BA;141;151;0.00432220
859;0SF0060430BA;141;152;0.00561065
859;0SF0060430BA;141;153;0.00346688
859;0SF0060430BA;141;154;0.00369528
859;0SF0060430BA;142;148;0.00153611
859;0SF0060430BA;142;149;0.00322034
859;0SF0060430BA;142;150;0.00888950
859;0SF0060430BA;142;151;0.30381702
859;0SF0060430BA;142;152;0.00394722
859;0SF0060430BA;142;153;0.00709696
859;0SF0060430BA;143;149;0.00146845
859;0SF0060430BA;143;150;0.00089284
859;0SF0060430BA;143;151;0.00066576
859;0SF0060430BA;143;152;0.00080321
859;0SF0060430BA;144;148;0.00200803
859;0SF0060430BA;146;145;0.00020080
859;0SF0060430BA;146;146;0.00040161
859;0SF0060430BA;147;145;0.00140584
859;0SF0060430BA;147;146;0.00020058
859;0SF0060430BA;148;142;0.00301205
859;0SF0060430BA;148;143;0.30000000
859;0SF0060430BA;148;144;0.30040160
859;0SF0060430BA;149;141;0.00160643
859;0SF0060430BA;149;142;0.00080321
859;0SF0060480BA;133;172;0.00072860
859;0SF0060480BA;134;171;0.00373092
859;0SF0060480BA;134;172;0.00984303
859;0SF0060480BA;134;173;0.00411609
859;0SF0060480BA;135;171;0.00074472
859;0SF0060480BA;135;172;0.00050877
859;0SF0060480BA;135;173;0.75785859
859;0SF0060480BA;136;170;0.00039949
859;0SF0060480BA;136;171;0.00013878
859;0SF0060480BA;136;174;0.00024378
859;0SF0060480BA;136;175;0.00123598
859;0SF0060480BA;137;170;0.00306134
859;0SF0060480BA;137;171;0.02700148
859;0SF0060480BA;137;174;0.00041726
859;0SF0060480BA;137;175;0.14898756
859;0SF0060480BA;137;176;0.00018215
859;0SF0060480BA;138;175;0.00874317
859;0SF0060480BA;138;176;0.00455373
859;0SF0060480BA;138;177;0.00018215
859;0SF0060480BA;139;175;0.00109290
859;0SF0060480BA;139;176;0.01766795
859;0SF0060480BA;140;176;0.00473642
859;0SF0060480BA;140;177;0.00236794
859;0SF0060480BA;141;176;0.00018215
859;0SF0060480BA;142;175;0.00054645
859;0SF0060480BA;143;175;0.00072860
859;0SF0060490BA;121;180;0.00152218
859;0SF0060490BA;121;181;0.00795571
859;0SF0060490BA;122;180;0.02261726
859;0SF0060490BA;122;181;0.00567344
859;0SF0060490BA;122;182;0.00152218
859;0SF0060490BA;122;184;0.00152218
859;0SF0060490BA;122;185;0.00304435
859;0SF0060490BA;123;179;0.00456653
859;0SF0060490BA;123;180;0.00630411
859;0SF0060490BA;123;181;0.00304435
859;0SF0060490BA;123;182;0.00761089
859;0SF0060490BA;123;183;0.05571864
859;0SF0060490BA;123;184;0.02495676
859;0SF0060490BA;124;178;0.01939281
859;0SF0060490BA;124;179;0.08838056
859;0SF0060490BA;124;180;0.07862617
859;0SF0060490BA;124;181;0.14449259
859;0SF0060490BA;124;182;0.10253446
859;0SF0060490BA;124;183;0.01217742
859;0SF0060490BA;125;176;0.00585374
859;0SF0060490BA;125;177;0.01090970
859;0SF0060490BA;125;178;0.01313849
859;0SF0060490BA;125;179;0.04957199
859;0SF0060490BA;125;180;0.05383502
859;0SF0060490BA;125;181;0.04648773
859;0SF0060490BA;125;182;0.02154413
859;0SF0060490BA;126;175;0.00906217
859;0SF0060490BA;126;176;0.09185047
859;0SF0060490BA;126;177;0.02236423
859;0SF0060490BA;126;182;0.00456653
859;0SF0060490BA;127;175;0.02357072
859;0SF0060490BA;127;176;0.00382847
859;0SF0060490BA;128;180;0.00152218
859;0SF0060490BA;129;172;0.00152218
859;0SF0060490BA;129;178;0.00456653
859;0SF0060490BA;129;179;0.00152218
859;0SF0060490BA;130;175;0.00456653
859;0SF0060490BA;130;176;0.01404630
859;0SF0060490BA;130;177;0.02400813
859;0SS006013IMP;273;26;0.11227866
859;0SS006013IMP;275;44;0.07368407
859;0SS006013IMP;283;29;0.22455731
859;0SS006013IMP;284;37;0.07368407
859;0SS006013IMP;285;31;0.01052930
859;0SS006013IMP;286;35;0.01052930
859;0SS006013IMP;286;38;0.01754334
859;0SS006013IMP;287;28;0.01052930
859;0SS006013IMP;287;30;0.16139903
859;0SS006013IMP;290;27;0.17192834
859;0SS006013IMP;301;30;0.11227866
859;0SS006013IMP;305;30;0.02105861
859;0SS0060330SC;258;55;0.00080128
859;0SS0060330SC;259;60;0.11361122
859;0SS0060330SC;261;57;0.00044246
859;0SS0060330SC;261;58;0.00240385
859;0SS0060330SC;261;59;0.14585154
859;0SS0060330SC;261;60;0.00033880
859;0SS0060330SC;262;56;0.00032207
859;0SS0060330SC;262;57;0.00292505
859;0SS0060330SC;262;58;0.00240016
859;0SS0060330SC;262;59;0.00016026
859;0SS0060330SC;262;60;0.00182224
859;0SS0060330SC;262;61;0.00138289
859;0SS0060330SC;263;56;0.00439676
859;0SS0060330SC;263;57;0.00889496
859;0SS0060330SC;263;58;0.00048077
859;0SS0060330SC;263;60;0.00016026
859;0SS0060330SC;263;61;0.00016026
859;0SS0060330SC;264;56;0.00025068
859;0SS0060330SC;264;57;0.00039991
859;0SS0060330SC;265;54;0.00037963
859;0SS0060330SC;265;55;0.00301744
859;0SS0060330SC;265;56;0.00044909
859;0SS0060330SC;265;57;0.16812228
859;0SS0060330SC;266;55;0.00413214
859;0SS0060330SC;266;56;0.00035504
859;0SS0060330SC;267;53;0.00048077
859;0SS0060330SC;267;54;0.00156578
859;0SS0060330SC;267;55;0.00036580
859;0SS0060330SC;267;56;0.00288462
859;0SS0060330SC;268;54;0.00200481
859;0SS0060330SC;268;55;0.00240385
859;0SS0060330SC;269;54;0.00251874
859;0SS0060330SC;269;55;0.00860742
859;0SS0060330SC;270;50;0.00001939
859;0SS0060330SC;270;51;0.00046138
859;0SS0060330SC;270;53;0.00165488
859;0SS0060330SC;270;54;0.03141182
859;0SS0060330SC;270;55;0.36567648
859;0SS0060330SC;271;52;0.00032051
859;0SS0060330SC;271;53;0.00106948
859;0SS0060330SC;272;48;0.00032051
859;0SS0060330SC;272;51;0.00016026
859;0SS0060330SC;273;50;0.00016026
859;0SS0060330SC;273;51;0.00048077
859;0SS0060330SC;275;54;0.11361122
859;0SS0060330SC;276;50;0.00016026
859;0SV006004BUT;142;216;0.01219512
859;0SV006004BUT;142;217;0.00003727
859;0SV006004BUT;143;215;0.01219512
859;0SV006004BUT;143;216;0.02439024
859;0SV006004BUT;143;217;0.03959687
859;0SV006004BUT;143;218;0.09227637
859;0SV006004BUT;144;215;0.33807520
859;0SV006004BUT;144;216;0.00609756
859;0SV006004BUT;144;217;0.25304878
859;0SV006004BUT;144;218;0.00833339
859;0SV006004BUT;145;215;0.06741260
859;0SV006004BUT;146;205;0.00304878
859;0SV006004BUT;146;207;0.00914634
859;0SV006004BUT;146;209;0.00304878
859;0SV006004BUT;146;213;0.02439024
859;0SV006004BUT;147;205;0.01522788
859;0SV006004BUT;147;206;0.01221114
859;0SV006004BUT;148;216;0.00193642
859;0SV006004BUT;149;208;0.00895082
859;0SV006004BUT;149;209;0.03632618
859;0SV006004BUT;149;210;0.00304878
859;0SV006004BUT;149;216;0.00111236
859;0SV006004BUT;149;217;0.00304878
859;0SV006004BUT;150;208;0.00324430
859;0SV006004BUT;150;209;0.01245431
859;0SV006004BUT;150;210;0.00609756
859;0SV006004BUT;151;210;0.00304878
859;0SV006006COL;136;203;0.90000000
859;0SV006006COL;140;194;0.10000000
859;0SV006011GLE;136;210;0.02500000
859;0SV006011GLE;136;212;0.90000000
859;0SV006011GLE;136;213;0.00625000
859;0SV006011GLE;136;216;0.02033794
859;0SV006011GLE;137;216;0.01091206
859;0SV006011GLE;140;213;0.00625000
859;0SV006011GLE;140;216;0.02500000
859;0SV006011GLE;141;207;0.00625000
859;0SV006031PLA;153;194;0.00568182
859;0SV006031PLA;154;188;0.00896020
859;0SV006031PLA;154;189;0.00808526
859;0SV006031PLA;154;190;0.02110389
859;0SV006031PLA;154;191;0.13049753
859;0SV006031PLA;154;193;0.09659091
859;0SV006031PLA;155;188;0.05009576
859;0SV006031PLA;155;189;0.07490424
859;0SV006031PLA;155;190;0.05294404
859;0SV006031PLA;155;191;0.05681818
859;0SV006031PLA;155;193;0.07386364
859;0SV006031PLA;156;190;0.09058218
859;0SV006031PLA;156;191;0.05714509
859;0SV006031PLA;157;191;0.06250000
859;0SV006031PLA;158;192;0.02272727
859;0SV006031PLA;158;193;0.00568182
859;0SV006031PLA;159;192;0.00584472
859;0SV006031PLA;159;193;0.05665528
859;0SV006031PLA;159;194;0.04545455
859;0SV006031PLA;159;195;0.00568182
859;0SV006031PLA;160;193;0.05189937
859;0SV006031PLA;160;194;0.01628245
859;0SV006034SAC;148;173;0.00015748
859;0SV006034SAC;148;187;0.09177393
859;0SV006034SAC;149;178;0.00015748
859;0SV006034SAC;149;182;0.00005385
859;0SV006034SAC;149;183;0.00005114
859;0SV006034SAC;150;175;0.00026247
859;0SV006034SAC;150;176;0.00005249
859;0SV006034SAC;150;182;0.00010499
859;0SV006034SAC;150;183;0.00073513
859;0SV006034SAC;150;184;0.00157480
859;0SV006034SAC;150;185;0.79186223
859;0SV006034SAC;150;186;0.00107447
859;0SV006034SAC;150;187;0.00005066
859;0SV006034SAC;151;180;0.00020997
859;0SV006034SAC;151;181;0.00001122
859;0SV006034SAC;151;182;0.00228937
859;0SV006034SAC;151;183;0.00347408
859;0SV006034SAC;151;184;0.00279360
859;0SV006034SAC;151;185;0.00769118
859;0SV006034SAC;151;186;0.01079573
859;0SV006034SAC;151;187;0.00033803
859;0SV006034SAC;152;180;0.00010499
859;0SV006034SAC;152;181;0.00014920
859;0SV006034SAC;152;182;0.00122587
859;0SV006034SAC;152;183;0.00582052
859;0SV006034SAC;152;184;0.00104908
859;0SV006034SAC;152;185;0.00462379
859;0SV006034SAC;152;186;0.00459149
859;0SV006034SAC;152;187;0.00150940
859;0SV006034SAC;152;188;0.00036745
859;0SV006034SAC;153;179;0.00181161
859;0SV006034SAC;153;180;0.00123301
859;0SV006034SAC;153;181;0.00020997
859;0SV006034SAC;153;182;0.00459201
859;0SV006034SAC;153;183;0.00983988
859;0SV006034SAC;153;184;0.00015748
859;0SV006034SAC;153;185;0.00037038
859;0SV006034SAC;153;186;0.00404970
859;0SV006034SAC;153;187;0.00280039
859;0SV006034SAC;153;188;0.00026247
859;0SV006034SAC;154;176;0.00073491
859;0SV006034SAC;154;177;0.00010499
859;0SV006034SAC;154;182;0.00005249
859;0SV006034SAC;154;183;0.00036286
859;0SV006034SAC;154;184;0.00364609
859;0SV006034SAC;154;185;0.00020997
859;0SV006034SAC;154;186;0.00030932
859;0SV006034SAC;154;187;0.00082453
859;0SV006034SAC;154;188;0.01847818
859;0SV006034SAC;155;175;0.00005249
859;0SV006034SAC;155;176;0.00010499
859;0SV006034SAC;155;179;0.00005249
859;0SV006034SAC;155;180;0.00010499
859;0SV006034SAC;155;184;0.00130932
859;0SV006034SAC;155;185;0.00693917
859;0SV006034SAC;155;186;0.00008724
859;0SV006034SAC;155;187;0.00015748
859;0SV006034SAC;155;188;0.00015748
859;0SV006034SAC;156;179;0.00005249
859;0SV006034SAC;156;184;0.00242485
859;0SV006034SAC;156;185;0.00241774
859;0SV006034SAC;156;186;0.00005249
859;0SV006034SAC;156;187;0.00020997
859;0SV006034SAC;157;178;0.00010499
859;0SV006034SAC;157;184;0.00029305
859;0SV006034SAC;157;186;0.00010499
859;0SV006034SAC;157;187;0.00010499
859;0SV006034SAC;158;177;0.00001915
859;0SV006034SAC;158;178;0.00003335
859;0SV006034SAC;158;186;0.00010499
859;0SV006034SAC;158;187;0.00005249
859;0SV006034SAC;159;182;0.00005249
859;0SV006045SHA;122;233;0.00227273
859;0SV006045SHA;128;242;0.00454546
859;0SV006045SHA;129;241;0.00760802
859;0SV006045SHA;131;236;0.00227273
859;0SV006045SHA;131;239;0.00227273
859;0SV006045SHA;132;239;0.00227273
859;0SV006045SHA;133;236;0.00227273
859;0SV006045SHA;133;237;0.00227273
859;0SV006045SHA;133;238;0.05551363
859;0SV006045SHA;133;239;0.01136364
859;0SV006045SHA;133;240;0.00227273
859;0SV006045SHA;133;241;0.00909091
859;0SV006045SHA;133;242;0.00454546
859;0SV006045SHA;133;248;0.08112767
859;0SV006045SHA;134;236;0.00227273
859;0SV006045SHA;134;237;0.49942917
859;0SV006045SHA;134;238;0.00535014
859;0SV006045SHA;134;239;0.00601349
859;0SV006045SHA;134;241;0.00227273
859;0SV006045SHA;134;242;0.00227273
859;0SV006045SHA;134;244;0.08112767
859;0SV006045SHA;135;234;0.00227273
859;0SV006045SHA;135;235;0.00454546
859;0SV006045SHA;135;239;0.00227273
859;0SV006045SHA;135;254;0.08112767
859;0SV006045SHA;136;240;0.00227273
859;0SV006045SHA;136;242;0.00227273
859;0SV006045SHA;140;241;0.00227273
859;0SV006045SHA;143;236;0.00227273
859;0SV006045SHA;143;240;0.00227273
859;0SV006045SHA;143;246;0.08112767
859;0SV006045SHA;143;250;0.00227273
859;0SV006045SHA;144;237;0.01521122
859;0SV006045SHA;148;247;0.00454546
859;0SV006045SHA;151;245;0.00227273
859;0SV006045SHA;153;250;0.00227273
859;0SV006045SHA;153;251;0.00227273
859;0SV0060480YS;140;178;0.00388902
859;0SV0060480YS;140;179;0.00886244
859;0SV0060480YS;140;180;0.00041476
859;0SV0060480YS;141;178;0.00994428
859;0SV0060480YS;141;179;0.01058958
859;0SV0060480YS;141;180;0.01823119
859;0SV0060480YS;141;183;0.00000471
859;0SV0060480YS;142;178;0.00165738
859;0SV0060480YS;142;179;0.00055246
859;0SV0060480YS;142;180;0.00220984
859;0SV0060480YS;143;180;0.00010503
859;0SV0060480YS;143;181;0.00800112
859;0SV0060480YS;144;180;0.00044743
859;0SV0060480YS;144;181;0.01541004
859;0SV0060480YS;144;182;0.90586923
859;0SV0060480YS;145;174;0.00331476
859;0SV0060480YS;146;173;0.00883869
859;0SV0060480YS;146;174;0.00055313
859;0SV0060480YS;147;176;0.00110492
859;0SV0060510FR;147;200;1.00000000
859;0SV006052TEH;135;227;0.00573016
859;0SV006052TEH;135;228;0.00762712
859;0SV006052TEH;135;230;0.09128523
859;0SV006052TEH;135;233;0.00940803
859;0SV006052TEH;136;220;0.70971643
859;0SV006052TEH;136;221;0.00271714
859;0SV006052TEH;136;222;0.09128523
859;0SV006052TEH;136;226;0.00004908
859;0SV006052TEH;136;227;0.01969357
859;0SV006052TEH;136;228;0.01186441
859;0SV006052TEH;137;220;0.00011867
859;0SV006052TEH;137;221;0.02597775
859;0SV006052TEH;137;222;0.00169491
859;0SV006052TEH;137;224;0.00169491
859;0SV006052TEH;137;225;0.00169491
859;0SV006052TEH;137;226;0.00079838
859;0SV006052TEH;137;228;0.00847458
859;0SV006052TEH;138;224;0.00084746
859;0SV006052TEH;138;225;0.00169491
859;0SV006052TEH;138;226;0.00423729
859;0SV006052TEH;138;227;0.00084746
859;0SV006052TEH;139;221;0.00084746
859;0SV006052TEH;139;223;0.00084746
859;0SV006052TEH;140;221;0.00084746
859;0SV0060570YS;137;189;0.00022574
859;0SV0060570YS;139;188;0.00124133
859;0SV0060570YS;140;183;0.00148279
859;0SV0060570YS;140;184;0.00022214
859;0SV0060570YS;140;186;0.00045148
859;0SV0060570YS;140;187;0.00000319
859;0SV0060570YS;140;188;0.00078714
859;0SV0060570YS;140;193;0.41761799
859;0SV0060570YS;140;194;0.00022479
859;0SV0060570YS;141;183;0.00032480
859;0SV0060570YS;141;184;0.00022574
859;0SV0060570YS;141;186;0.00022574
859;0SV0060570YS;141;192;0.46303658
859;0SV0060570YS;141;193;0.00045148
859;0SV0060570YS;141;194;0.00022574
859;0SV0060570YS;142;190;0.00022574
859;0SV0060570YS;143;189;0.00022574
859;0SV0060570YS;144;184;0.00022574
859;0SV0060570YS;144;187;0.00162429
859;0SV0060570YS;144;188;0.00131033
859;0SV0060570YS;144;189;0.00112870
859;0SV0060570YS;145;183;0.00090296
859;0SV0060570YS;145;184;0.00090296
859;0SV0060570YS;145;186;0.00045148
859;0SV0060570YS;145;187;0.01829875
859;0SV0060570YS;145;188;0.00517822
859;0SV0060570YS;146;183;0.00022574
859;0SV0060570YS;146;184;0.00203166
859;0SV0060570YS;146;187;0.00361184
859;0SV0060570YS;146;190;0.00045148
859;0SV0060570YS;147;184;0.00022574
859;0SV0060570YS;149;184;0.03578470
859;0SV0060570YS;149;185;0.02738898
859;0SV0060570YS;150;184;0.00711858
859;0SV0060570YS;150;185;0.00593968
859;0SV0060580FR;148;200;0.01408451
859;0SV0060580FR;148;202;0.02533678
859;0SV0060580FR;148;203;0.01221404
859;0SV0060580FR;149;195;0.00240715
859;0SV0060580FR;149;196;0.01167736
859;0SV0060580FR;149;198;0.23943662
859;0SV0060580FR;149;199;0.10236263
859;0SV0060580FR;149;200;0.24526968
859;0SV0060580FR;149;201;0.03264939
859;0SV0060580FR;149;202;0.04508575
859;0SV0060580FR;149;203;0.04403531
859;0SV0060580FR;149;204;0.02825770
859;0SV0060580FR;150;197;0.00000139
859;0SV0060580FR;150;198;0.01408451
859;0SV0060580FR;150;199;0.01408451
859;0SV0060580FR;150;200;0.01408451
859;0SV0060580FR;150;201;0.00000556
859;0SV0060580FR;150;202;0.02816346
859;0SV0060580FR;151;196;0.00052428
859;0SV0060580FR;151;197;0.02816763
859;0SV0060580FR;152;196;0.05581375
859;0SV0060580FR;153;204;0.01408451
859;0SV0060580FR;154;204;0.01404253
859;0SV0060580FR;154;205;0.00004198
859;0SV0060580FR;159;207;0.00731725
859;0SV0060580FR;159;208;0.00676726
859;GBV006002GBU;181;181;0.05384002
859;GBV006002GBU;181;187;0.00595338
859;GBV006002GBU;181;188;0.05610550
859;GBV006002GBU;182;181;0.01756580
859;GBV006002GBU;182;182;0.01945587
859;GBV006002GBU;182;187;0.07675382
859;GBV006002GBU;182;188;0.01952973
859;GBV006002GBU;183;182;0.00490428
859;GBV006002GBU;183;187;0.00731848
859;GBV006002GBU;183;188;0.10326147
859;GBV006002GBU;183;189;0.08077604
859;GBV006002GBU;183;190;0.01796596
859;GBV006002GBU;184;182;0.00078384
859;GBV006002GBU;184;183;0.00576231
859;GBV006002GBU;184;189;0.00063859
859;GBV006002GBU;184;190;0.10237322
859;GBV006002GBU;185;183;0.00401469
859;GBV006002GBU;185;184;0.00052291
859;GBV006002GBU;185;189;0.06849571
859;GBV006002GBU;185;190;0.01589632
859;GBV006002GBU;186;183;0.00310599
859;GBV006002GBU;186;184;0.00489013
859;GBV006002GBU;186;185;0.00000014
859;GBV006002GBU;186;188;0.01262782
859;GBV006002GBU;186;189;0.03051734
859;GBV006002GBU;186;190;0.08570196
859;GBV006002GBU;187;184;0.00140005
859;GBV006002GBU;187;185;0.00617151
859;GBV006002GBU;187;187;0.00678793
859;GBV006002GBU;187;188;0.00707601
859;GBV006002GBU;187;190;0.02441929
859;GBV006002GBU;187;191;0.07132291
859;GBV006002GBU;187;192;0.00023214
859;GBV006002GBU;188;185;0.00109423
859;GBV006002GBU;188;186;0.00875264
859;GBV006002GBU;188;187;0.02009430
859;GBV006002GBU;189;186;0.01066472
859;GBV006002GBU;189;187;0.01824400
859;GBV006002GBU;190;178;0.00147846
859;GBV006002GBU;190;187;0.02114553
859;GBV006002GBU;191;187;0.00235496
859;GBV006014GBU;214;153;0.00303030
859;GBV006014GBU;216;152;0.00303030
859;GBV006014GBU;217;150;0.00303030
859;GBV006014GBU;217;152;0.06666667
859;GBV006014GBU;221;137;0.00335259
859;GBV006014GBU;221;141;0.11571359
859;GBV006014GBU;222;137;0.00270802
859;GBV006014GBU;225;132;0.00606061
859;GBV006014GBU;226;124;0.00303030
859;GBV006014GBU;228;116;0.19285512
859;GBV006014GBU;229;129;0.00606061
859;GBV006014GBU;230;110;0.59143129
859;GBV006014GBU;241;111;0.00303030
859;GBV006026GBU;193;183;0.00444342
859;GBV006026GBU;193;184;0.00055658
859;GBV006026GBU;199;175;0.00366626
859;GBV006026GBU;199;176;0.01633375
859;GBV006026GBU;200;171;0.00500000
859;GBV006026GBU;201;167;0.00500000
859;GBV006026GBU;201;168;0.01500000
859;GBV006026GBU;202;163;0.00500000
859;GBV006026GBU;203;171;0.00500000
859;GBV006026GBU;204;159;0.01500000
859;GBV006026GBU;204;162;0.90000000
859;GBV006026GBU;205;159;0.01000000
859;GBV006026GBU;208;158;0.00500000
859;GBV006026GBU;217;155;0.00500000
859;GBV006026GBU;217;156;0.00500000
859;NCC006027MBU;140;131;0.00149810
859;NCC006027MBU;141;129;0.00025641
859;NCC006027MBU;141;131;0.00209165
859;NCC006027MBU;142;130;0.00129597
859;NCC006027MBU;142;131;0.01974359
859;NCC006027MBU;143;129;0.00076923
859;NCC006027MBU;143;130;0.00024250
859;NCC006027MBU;143;133;0.00153846
859;NCC006027MBU;143;134;0.00103711
859;NCC006027MBU;143;136;0.00004401
859;NCC006027MBU;143;137;0.00000248
859;NCC006027MBU;144;133;0.00102564
859;NCC006027MBU;144;134;0.00024494
859;NCC006027MBU;144;135;0.00281537
859;NCC006027MBU;144;136;0.00072523
859;NCC006027MBU;144;137;0.00025393
859;NCC006027MBU;144;138;0.00102564
859;NCC006027MBU;144;139;0.00320587
859;NCC006027MBU;145;128;0.00076923
859;NCC006027MBU;145;133;0.00025641
859;NCC006027MBU;145;135;0.00205643
859;NCC006027MBU;145;139;0.00012747
859;NCC006027MBU;146;131;0.00023664
859;NCC006027MBU;146;133;0.00602807
859;NCC006027MBU;146;134;0.00051282
859;NCC006027MBU;146;135;0.00102564
859;NCC006027MBU;146;136;0.00051282
859;NCC006027MBU;146;138;0.00025641
859;NCC006027MBU;147;131;0.00053260
859;NCC006027MBU;147;132;0.18428727
859;NCC006027MBU;147;133;0.27853121
859;NCC006027MBU;147;134;0.00025641
859;NCC006027MBU;148;131;0.00118994
859;NCC006027MBU;148;132;0.00009212
859;NCC006027MBU;149;130;0.00025641
859;NCC006027MBU;149;131;0.00076923
859;NCC006027MBU;150;131;0.00025641
859;NCC006027MBU;151;128;0.00307692
859;NCC006027MBU;151;129;0.00025641
859;NCC006027MBU;152;125;0.00025641
859;NCC006027MBU;152;127;0.00102564
859;NCC006027MBU;152;128;0.00025641
859;NCC006027MBU;152;129;0.00025641
859;NCC006027MBU;153;125;0.00025641
859;NCC006027MBU;153;126;0.00078905
859;NCC006027MBU;153;127;0.00025641
859;NCC006027MBU;154;126;0.00203146
859;NCC006027MBU;155;123;0.00179487
859;NCC006027MBU;156;123;0.00025641
859;NCC006027MBU;158;120;0.00487180
859;NCC006027MBU;158;121;0.00076923
859;NCC006027MBU;159;119;0.24576702
859;NCC006027MBU;160;118;0.00076923
859;NCC006027MBU;166;110;0.22154027
859;NCC006035MBU;149;137;0.04255319
859;NCC006035MBU;149;138;0.02127660
859;NCC006035MBU;151;138;0.04255319
859;NCC006035MBU;152;135;0.02127660
859;NCC006035MBU;152;137;0.35256984
859;NCC006035MBU;152;138;0.37414359
859;NCC006035MBU;152;139;0.10307380
859;NCC006035MBU;152;140;0.02127660
859;NCC006035MBU;153;139;0.02127660
859;NCC006044MBU;134;143;0.00495050
859;NCC006044MBU;135;142;0.00495050
859;NCC006044MBU;136;145;0.01980198
859;NCC006044MBU;137;141;0.00495050
859;NCC006044MBU;137;143;0.00990099
859;NCC006044MBU;137;144;0.00990099
859;NCC006044MBU;138;141;0.13366337
859;NCC006044MBU;138;142;0.00382295
859;NCC006044MBU;138;143;0.00990099
859;NCC006044MBU;139;141;0.10891089
859;NCC006044MBU;139;142;0.00112754
859;NCC006044MBU;139;143;0.05445545
859;NCC006044MBU;140;141;0.16336634
859;NCC006044MBU;140;142;0.00495050
859;NCC006044MBU;141;141;0.07425743
859;NCC006044MBU;141;145;0.00495050
859;NCC006044MBU;142;140;0.00495050
859;NCC006044MBU;143;139;0.00495050
859;NCC006044MBU;143;140;0.02257294
859;NCC006044MBU;143;141;0.01246284
859;NCC006044MBU;144;139;0.26237624
859;NCC006044MBU;144;140;0.06302062
859;NCC006044MBU;144;141;0.00095350
859;NCC006044MBU;145;140;0.00990099
859;NCC006044MBU;145;141;0.00495050
859;NEP006018LAS;159;238;0.23255398
859;NEP006018LAS;172;230;0.74418853
859;NEP006018LAS;176;240;0.02325749
859;NEP006025MOD;152;275;0.01519552
859;NEP006025MOD;153;272;0.07432487
859;NEP006025MOD;153;273;0.01858122
859;NEP006025MOD;153;275;0.01858122
859;NEP006025MOD;154;273;0.19438532
859;NEP006025MOD;154;274;0.17723902
859;NEP006025MOD;155;274;0.01858122
859;NEP006025MOD;162;255;0.09161470
859;NEP006025MOD;163;255;0.01987260
859;NEP006025MOD;170;263;0.03716243
859;NEP006025MOD;171;256;0.01858122
859;NEP006025MOD;171;263;0.20439338
859;NEP006025MOD;178;264;0.11148730
859;NEP006047SIS;128;269;0.00641391
859;NEP006047SIS;129;269;0.01603478
859;NEP006047SIS;129;277;0.00320696
859;NEP006047SIS;130;271;0.12413753
859;NEP006047SIS;130;273;0.12413753
859;NEP006047SIS;130;275;0.01164141
859;NEP006047SIS;131;269;0.00320696
859;NEP006047SIS;131;270;0.00962087
859;NEP006047SIS;132;263;0.24827506
859;NEP006047SIS;133;261;0.25602953
859;NEP006047SIS;134;259;0.00320696
859;NEP006047SIS;134;260;0.00320696
859;NEP006047SIS;135;257;0.01164141
859;NEP006047SIS;138;267;0.12413753
859;NEP006047SIS;141;271;0.00320696
859;NEP006047SIS;141;272;0.02244870
859;NEP006047SIS;150;276;0.00320696
859;NEP006047SIS;151;277;0.00320696
859;NEP006047SIS;152;275;0.01982608
859;NEP006047SIS;152;276;0.00320696
859;SCC006040SLO;158;102;0.00028090
859;SCC006040SLO;158;103;0.00084270
859;SCC006040SLO;159;102;0.00001251
859;SCC006040SLO;159;103;0.00026839
859;SCC006040SLO;162;109;0.00028090
859;SCC006040SLO;163;98;0.00141247
859;SCC006040SLO;163;99;0.00028090
859;SCC006040SLO;163;107;0.00028090
859;SCC006040SLO;164;96;0.00084270
859;SCC006040SLO;164;97;0.00280899
859;SCC006040SLO;164;98;0.00156743
859;SCC006040SLO;164;99;0.00010999
859;SCC006040SLO;164;109;0.00028090
859;SCC006040SLO;166;92;0.00028090
859;SCC006040SLO;167;94;0.00056180
859;SCC006040SLO;167;101;0.00028090
859;SCC006040SLO;167;102;0.00028090
859;SCC006040SLO;167;103;0.00140449
859;SCC006040SLO;167;104;0.00600145
859;SCC006040SLO;167;105;0.00112360
859;SCC006040SLO;167;106;0.62038504
859;SCC006040SLO;167;107;0.00028090
859;SCC006040SLO;167;108;0.00196629
859;SCC006040SLO;168;91;0.00084270
859;SCC006040SLO;168;93;0.00008932
859;SCC006040SLO;168;94;0.03073721
859;SCC006040SLO;168;95;0.00759343
859;SCC006040SLO;168;100;0.00112360
859;SCC006040SLO;168;101;0.00196629
859;SCC006040SLO;168;104;0.00074012
859;SCC006040SLO;168;105;0.00540464
859;SCC006040SLO;168;106;0.00021334
859;SCC006040SLO;169;90;0.01713483
859;SCC006040SLO;169;91;0.00112360
859;SCC006040SLO;169;94;0.00006318
859;SCC006040SLO;169;98;0.00252809
859;SCC006040SLO;169;105;0.00028090
859;SCC006040SLO;169;106;0.00056180
859;SCC006040SLO;170;87;0.00028090
859;SCC006040SLO;170;88;0.00112360
859;SCC006040SLO;170;89;0.00028090
859;SCC006040SLO;170;90;0.00112360
859;SCC006040SLO;170;101;0.00056180
859;SCC006040SLO;170;102;0.00028090
859;SCC006040SLO;171;89;0.00028090
859;SCC006040SLO;171;101;0.00033423
859;SCC006040SLO;171;102;0.00022757
859;SCC006040SLO;172;88;0.00112360
859;SCC006040SLO;173;87;0.00084270
859;SCC006040SLO;174;105;0.00028090
859;SCC006040SLO;175;105;0.28017676
859;SCC006040SLO;175;106;0.00028090
859;SCC006040SLO;176;107;0.00028090
859;SCC006040SLO;193;85;0.00028090
859;SCC0060420SB;170;85;0.00033278
859;SCC0060420SB;170;86;0.00199667
859;SCC0060420SB;171;85;0.00016153
859;SCC0060420SB;172;77;0.00455257
859;SCC0060420SB;172;78;0.00148311
859;SCC0060420SB;172;79;0.00033278
859;SCC0060420SB;172;84;0.00016639
859;SCC0060420SB;172;85;0.01231614
859;SCC0060420SB;172;86;0.00240673
859;SCC0060420SB;173;77;0.00459884
859;SCC0060420SB;173;78;0.00001440
859;SCC0060420SB;173;83;0.00116472
859;SCC0060420SB;173;84;0.00046302
859;SCC0060420SB;173;85;0.00970079
859;SCC0060420SB;173;86;0.01439720
859;SCC0060420SB;173;87;0.00013341
859;SCC0060420SB;174;85;0.00099834
859;SCC0060420SB;174;86;0.00068738
859;SCC0060420SB;176;80;0.00031269
859;SCC0060420SB;176;83;0.00016639
859;SCC0060420SB;176;84;0.00033278
859;SCC0060420SB;177;80;0.00018648
859;SCC0060420SB;178;73;0.90016639
859;SCC0060420SB;178;76;0.00232355
859;SCC0060420SB;178;77;0.00122424
859;SCC0060420SB;179;76;0.00031044
859;SCC0060420SB;179;77;0.00179900
859;SCC0060420SB;180;76;0.00033278
859;SCC0060420SB;181;77;0.00049917
859;SCC0060420SB;185;72;0.00066556
859;SCC0060420SB;186;71;0.00067273
859;SCC0060420SB;186;72;0.00198950
859;SCC0060420SB;187;71;0.00033278
859;SCC0060420SB;187;72;0.00615641
859;SCC0060420SB;188;72;0.00083195
859;SCC0060420SB;189;71;0.00116472
859;SCC0060420SB;189;72;0.00083195
859;SCC0060420SB;190;71;0.01886133
859;SCC0060420SB;190;72;0.00043984
859;SCC0060420SB;190;86;0.00016639
859;SCC0060420SB;191;71;0.00033278
859;SCC0060420SB;191;85;0.00033278
859;SCC0060420SB;192;71;0.00033278
859;SCC0060420SB;193;71;0.00016639
859;SCC0060420SB;194;70;0.00062136
859;SCC0060420SB;194;71;0.00254003
859;SCC006056VEN;199;67;0.00042992
859;SCC006056VEN;199;68;0.00493406
859;SCC006056VEN;199;69;0.00114942
859;SCC006056VEN;199;71;0.00114942
859;SCC006056VEN;200;65;0.00030252
859;SCC006056VEN;200;66;0.00010306
859;SCC006056VEN;200;67;0.00985862
859;SCC006056VEN;200;72;0.00191571
859;SCC006056VEN;201;64;0.00080979
859;SCC006056VEN;201;65;0.00419917
859;SCC006056VEN;201;66;0.00153257
859;SCC006056VEN;201;67;0.00459770
859;SCC006056VEN;202;64;0.00110592
859;SCC006056VEN;202;65;0.01315776
859;SCC006056VEN;202;66;0.00456058
859;SCC006056VEN;202;67;0.00268199
859;SCC006056VEN;202;68;0.00306513
859;SCC006056VEN;202;69;0.00000243
859;SCC006056VEN;203;64;0.00038314
859;SCC006056VEN;203;65;0.00038535
859;SCC006056VEN;203;66;0.00153257
859;SCC006056VEN;203;69;0.00382899
859;SCC006056VEN;204;66;0.00114942
859;SCC006056VEN;204;69;0.00038314
859;SCC006056VEN;204;70;0.70378698
859;SCC006056VEN;205;66;0.00459770
859;SCC006056VEN;205;67;0.00038314
859;SCC006056VEN;206;66;0.20004444
859;SCC006056VEN;207;65;0.01302682
859;SCC006056VEN;207;71;0.00191571
859;SCC006056VEN;208;65;0.00038314
859;SCC006056VEN;208;68;0.00306513
859;SCC006056VEN;209;64;0.00000079
859;SCC006056VEN;209;65;0.00268120
859;SCC006056VEN;210;64;0.00038314
859;SCC006056VEN;210;68;0.00268199
859;SCC006056VEN;210;71;0.00038314
859;SCC006056VEN;211;67;0.00076628
859;SCC006056VEN;212;68;0.00268199
859;SJV006010SJU;168;137;0.00011728
859;SJV006010SJU;169;135;0.00003909
859;SJV006010SJU;169;136;0.00003909
859;SJV006010SJU;170;137;0.00002023
859;SJV006010SJU;170;138;0.00001887
859;SJV006010SJU;170;139;0.00003620
859;SJV006010SJU;171;139;0.00000290
859;SJV006010SJU;172;133;0.00003909
859;SJV006010SJU;172;134;0.00003909
859;SJV006010SJU;172;137;0.00018112
859;SJV006010SJU;172;138;0.00057996
859;SJV006010SJU;173;136;0.00015638
859;SJV006010SJU;173;137;0.00017658
859;SJV006010SJU;173;138;0.00003970
859;SJV006010SJU;174;118;0.00074279
859;SJV006010SJU;174;119;0.00007819
859;SJV006010SJU;174;126;0.00007819
859;SJV006010SJU;174;130;0.00003909
859;SJV006010SJU;174;135;0.00070370
859;SJV006010SJU;175;118;0.00089917
859;SJV006010SJU;175;119;0.00003909
859;SJV006010SJU;177;129;0.00000150
859;SJV006010SJU;177;132;0.00011728
859;SJV006010SJU;178;118;0.00000876
859;SJV006010SJU;178;119;0.00003034
859;SJV006010SJU;178;129;0.00003759
859;SJV006010SJU;178;131;0.00062284
859;SJV006010SJU;179;118;0.00003909
859;SJV006010SJU;179;124;0.00003909
859;SJV006010SJU;179;131;0.00000267
859;SJV006010SJU;180;117;0.52363845
859;SJV006010SJU;180;120;0.00056038
859;SJV006010SJU;180;126;0.00023457
859;SJV006010SJU;181;120;0.00006513
859;SJV006010SJU;181;124;0.00003909
859;SJV006010SJU;181;126;0.00003909
859;SJV006010SJU;181;131;0.00003909
859;SJV006010SJU;181;134;0.00066460
859;SJV006010SJU;181;135;0.00003909
859;SJV006010SJU;182;118;0.00003909
859;SJV006010SJU;182;119;0.00003909
859;SJV006010SJU;182;135;0.00003712
859;SJV006010SJU;182;136;0.00027564
859;SJV006010SJU;183;134;0.00007819
859;SJV006010SJU;183;136;0.00007819
859;SJV006010SJU;184;136;0.00011728
859;SJV006010SJU;184;137;0.00015638
859;SJV006010SJU;185;126;0.00015761
859;SJV006010SJU;185;130;0.00003909
859;SJV006010SJU;185;132;0.00003909
859;SJV006010SJU;185;133;0.00003909
859;SJV006010SJU;185;134;0.00007895
859;SJV006010SJU;185;135;0.00035384
859;SJV006010SJU;185;136;0.01125233
859;SJV006010SJU;185;137;0.00204599
859;SJV006010SJU;186;126;0.00011605
859;SJV006010SJU;186;129;0.00031275
859;SJV006010SJU;186;130;0.00003909
859;SJV006010SJU;186;134;0.00109924
859;SJV006010SJU;186;135;0.00438820
859;SJV006010SJU;186;136;0.00402892
859;SJV006010SJU;186;137;0.00043004
859;SJV006010SJU;187;128;0.00003909
859;SJV006010SJU;187;129;0.00003909
859;SJV006010SJU;187;131;0.00003909
859;SJV006010SJU;187;132;0.00003909
859;SJV006010SJU;187;133;0.00249732
859;SJV006010SJU;187;134;0.01218618
859;SJV006010SJU;187;135;0.00373796
859;SJV006010SJU;187;136;0.00046913
859;SJV006010SJU;187;137;0.00152468
859;SJV006010SJU;187;138;0.00011728
859;SJV006010SJU;188;129;0.00006048
859;SJV006010SJU;188;130;0.00003909
859;SJV006010SJU;188;131;0.00011728
859;SJV006010SJU;188;132;0.00009203
859;SJV006010SJU;188;133;0.38231827
859;SJV006010SJU;188;134;0.00271352
859;SJV006010SJU;188;135;0.00449585
859;SJV006010SJU;188;136;0.00238475
859;SJV006010SJU;188;137;0.00003909
859;SJV006010SJU;188;138;0.00015638
859;SJV006010SJU;188;139;0.00003909
859;SJV006010SJU;189;126;0.00003909
859;SJV006010SJU;189;129;0.00013499
859;SJV006010SJU;189;130;0.00003909
859;SJV006010SJU;189;131;0.00018809
859;SJV006010SJU;189;132;0.00163897
859;SJV006010SJU;189;133;0.00046777
859;SJV006010SJU;189;134;0.00016071
859;SJV006010SJU;189;135;0.00873397
859;SJV006010SJU;189;136;0.00597238
859;SJV006010SJU;189;137;0.00437167
859;SJV006010SJU;189;141;0.00003909
859;SJV006010SJU;190;129;0.00003909
859;SJV006010SJU;190;130;0.00011472
859;SJV006010SJU;190;131;0.00102549
859;SJV006010SJU;190;133;0.00011778
859;SJV006010SJU;190;134;0.00011728
859;SJV006010SJU;190;135;0.00003909
859;SJV006010SJU;190;137;0.00003909
859;SJV006010SJU;191;127;0.00003909
859;SJV006010SJU;191;129;0.00012368
859;SJV006010SJU;191;130;0.00089369
859;SJV006010SJU;191;131;0.00003909
859;SJV006010SJU;191;132;0.00031275
859;SJV006010SJU;191;133;0.00016982
859;SJV006010SJU;191;134;0.00009106
859;SJV006010SJU;191;135;0.00011728
859;SJV006010SJU;192;128;0.00042680
859;SJV006010SJU;192;129;0.00058642
859;SJV006010SJU;192;131;0.00015638
859;SJV006010SJU;192;132;0.00003909
859;SJV006010SJU;192;133;0.00081885
859;SJV006010SJU;192;134;0.00048405
859;SJV006010SJU;192;135;0.00011728
859;SJV006010SJU;193;129;0.00003909
859;SJV006010SJU;193;130;0.00003909
859;SJV006010SJU;193;131;0.00024914
859;SJV006010SJU;193;132;0.00003909
859;SJV006010SJU;193;134;0.00003909
859;SJV006010SJU;193;135;0.00003909
859;SJV006010SJU;193;143;0.00007819
859;SJV006010SJU;193;144;0.00007819
859;SJV006010SJU;194;130;0.00007819
859;SJV006010SJU;194;131;0.00115437
859;SJV006010SJU;194;132;0.00003909
859;SJV006010SJU;195;130;0.00060950
859;SJV006010SJU;195;131;0.00044993
859;SJV006010SJU;195;136;0.00003909
859;SJV006010SJU;195;142;0.00003909
859;SJV006010SJU;196;130;0.00007819
859;SJV006010SJU;196;131;0.00007819
859;SJV006010SJU;196;132;0.00011728
859;SJV006010SJU;197;130;0.00003909
859;SJV006010SJU;197;131;0.00024956
859;SJV006010SJU;197;132;0.00000049
859;SJV006010SJU;198;131;0.00002361
859;SJV006010SJU;202;133;0.00003909
859;SJV006015SJU;183;105;0.00034522
859;SJV006015SJU;183;108;0.00011508
859;SJV006015SJU;185;104;0.00010667
859;SJV006015SJU;185;105;0.00023856
859;SJV006015SJU;185;108;0.00011508
859;SJV006015SJU;187;103;0.00011508
859;SJV006015SJU;188;102;0.00011508
859;SJV006015SJU;189;104;0.00057537
859;SJV006015SJU;190;104;0.04323427
859;SJV006015SJU;191;96;0.00011508
859;SJV006015SJU;193;99;0.00011508
859;SJV006015SJU;193;101;0.00011508
859;SJV006015SJU;194;98;0.00034522
859;SJV006015SJU;194;101;0.00011508
859;SJV006015SJU;194;104;0.00011508
859;SJV006015SJU;195;91;0.00193029
859;SJV006015SJU;195;92;0.00002598
859;SJV006015SJU;195;98;0.00023015
859;SJV006015SJU;195;99;0.03898893
859;SJV006015SJU;195;102;0.00034522
859;SJV006015SJU;195;103;0.00011508
859;SJV006015SJU;196;88;0.00001507
859;SJV006015SJU;196;89;0.00033016
859;SJV006015SJU;196;93;0.00023015
859;SJV006015SJU;196;98;0.10412675
859;SJV006015SJU;196;99;0.00009854
859;SJV006015SJU;197;98;0.00011508
859;SJV006015SJU;197;101;0.00011508
859;SJV006015SJU;197;102;0.00025350
859;SJV006015SJU;197;103;0.00138090
859;SJV006015SJU;197;104;0.00172612
859;SJV006015SJU;197;106;0.00011508
859;SJV006015SJU;198;89;0.00011508
859;SJV006015SJU;198;98;0.00011508
859;SJV006015SJU;198;101;0.00010884
859;SJV006015SJU;198;102;0.00021304
859;SJV006015SJU;199;91;0.00006742
859;SJV006015SJU;199;92;0.00004723
859;SJV006015SJU;199;94;0.00011508
859;SJV006015SJU;199;99;0.00023015
859;SJV006015SJU;199;100;0.00023015
859;SJV006015SJU;199;101;0.00230150
859;SJV006015SJU;199;102;0.00023015
859;SJV006015SJU;199;106;0.00046030
859;SJV006015SJU;199;107;0.00066243
859;SJV006015SJU;199;108;0.00214474
859;SJV006015SJU;199;109;0.00050198
859;SJV006015SJU;200;91;0.00006412
859;SJV006015SJU;200;92;0.00005138
859;SJV006015SJU;200;97;0.00011508
859;SJV006015SJU;200;98;0.00011508
859;SJV006015SJU;200;99;0.00032934
859;SJV006015SJU;200;100;0.00022518
859;SJV006015SJU;200;101;0.00011508
859;SJV006015SJU;200;102;0.00011508
859;SJV006015SJU;200;103;0.00046030
859;SJV006015SJU;200;104;0.00034522
859;SJV006015SJU;200;105;0.00023015
859;SJV006015SJU;200;106;0.00149597
859;SJV006015SJU;200;107;0.00002802
859;SJV006015SJU;200;109;0.00011508
859;SJV006015SJU;201;98;0.00034522
859;SJV006015SJU;201;99;0.00024915
859;SJV006015SJU;201;100;0.00023487
859;SJV006015SJU;201;101;0.00025620
859;SJV006015SJU;201;102;0.15284074
859;SJV006015SJU;202;90;0.00011508
859;SJV006015SJU;202;94;0.00000671
859;SJV006015SJU;202;95;0.00025047
859;SJV006015SJU;202;96;0.00011508
859;SJV006015SJU;202;97;0.00039335
859;SJV006015SJU;202;98;0.00225337
859;SJV006015SJU;202;99;0.00023015
859;SJV006015SJU;202;100;0.00001679
859;SJV006015SJU;202;101;0.00006937
859;SJV006015SJU;202;108;0.00011508
859;SJV006015SJU;203;90;0.00023015
859;SJV006015SJU;203;93;0.00023015
859;SJV006015SJU;203;94;0.00022344
859;SJV006015SJU;203;95;0.00032491
859;SJV006015SJU;203;96;0.00240215
859;SJV006015SJU;203;97;0.00046030
859;SJV006015SJU;203;98;0.00356732
859;SJV006015SJU;203;99;0.00231429
859;SJV006015SJU;203;100;0.00182840
859;SJV006015SJU;203;101;0.00011508
859;SJV006015SJU;204;89;0.00011508
859;SJV006015SJU;204;90;0.00011508
859;SJV006015SJU;204;94;0.00011508
859;SJV006015SJU;204;95;0.00115075
859;SJV006015SJU;204;96;0.00396608
859;SJV006015SJU;204;97;0.00228982
859;SJV006015SJU;204;98;0.00634600
859;SJV006015SJU;204;99;0.00237467
859;SJV006015SJU;204;100;0.00149597
859;SJV006015SJU;205;82;0.00034522
859;SJV006015SJU;205;90;0.00000524
859;SJV006015SJU;205;93;0.02801115
859;SJV006015SJU;205;94;0.00034522
859;SJV006015SJU;205;95;0.00069045
859;SJV006015SJU;205;96;0.00334363
859;SJV006015SJU;205;97;0.00893161
859;SJV006015SJU;205;98;0.01329808
859;SJV006015SJU;205;99;0.00004657
859;SJV006015SJU;206;82;0.00001022
859;SJV006015SJU;206;83;0.00067940
859;SJV006015SJU;206;86;0.01035233
859;SJV006015SJU;206;87;0.38907062
859;SJV006015SJU;206;88;0.00011508
859;SJV006015SJU;206;89;0.01290736
859;SJV006015SJU;206;90;0.00022065
859;SJV006015SJU;206;95;0.00002195
859;SJV006015SJU;206;97;0.00307070
859;SJV006015SJU;206;98;0.00168092
859;SJV006015SJU;206;99;0.00011508
859;SJV006015SJU;207;83;0.00000083
859;SJV006015SJU;207;87;0.00011508
859;SJV006015SJU;207;90;0.00011508
859;SJV006015SJU;207;94;0.00161105
859;SJV006015SJU;207;95;0.00147402
859;SJV006015SJU;207;96;0.00011508
859;SJV006015SJU;207;97;0.04429252
859;SJV006015SJU;207;98;0.00038146
859;SJV006015SJU;208;83;0.03943270
859;SJV006015SJU;208;93;0.00011508
859;SJV006015SJU;208;94;0.00103567
859;SJV006015SJU;208;97;0.00136415
859;SJV006015SJU;208;98;0.00007884
859;SJV006015SJU;209;93;0.00264672
859;SJV006015SJU;209;94;0.00034522
859;SJV006015SJU;210;96;0.00011508
859;SJV006015SJU;212;95;0.03897240
859;SJV006016SJU;179;114;0.00047619
859;SJV006016SJU;179;115;0.00047619
859;SJV006016SJU;180;114;0.00427997
859;SJV006016SJU;180;115;0.00191051
859;SJV006016SJU;183;114;0.78794806
859;SJV006016SJU;183;115;0.00333333
859;SJV006016SJU;186;119;0.00043264
859;SJV006016SJU;186;120;0.00242450
859;SJV006016SJU;187;122;0.00235842
859;SJV006016SJU;187;123;0.01716539
859;SJV006016SJU;188;123;0.00047619
859;SJV006016SJU;189;123;0.00571429
859;SJV006016SJU;189;125;0.00047619
859;SJV006016SJU;190;117;0.00047619
859;SJV006016SJU;190;120;0.00047619
859;SJV006016SJU;190;121;0.00033257
859;SJV006016SJU;190;122;0.00204838
859;SJV006016SJU;190;123;0.15062447
859;SJV006016SJU;190;124;0.00428571
859;SJV006016SJU;191;123;0.00237985
859;SJV006016SJU;192;117;0.01190476
859;SJV006020SJU;172;144;0.21015472
859;SJV006020SJU;176;142;0.00047847
859;SJV006020SJU;176;144;0.00047847
859;SJV006020SJU;176;145;0.00095694
859;SJV006020SJU;177;144;0.00095694
859;SJV006020SJU;177;145;0.00622010
859;SJV006020SJU;178;142;0.00047847
859;SJV006020SJU;178;143;0.00047847
859;SJV006020SJU;178;144;0.00095694
859;SJV006020SJU;179;138;0.00019834
859;SJV006020SJU;179;139;0.00019255
859;SJV006020SJU;179;140;0.00047847
859;SJV006020SJU;179;142;0.68984528
859;SJV006020SJU;179;143;0.00191388
859;SJV006020SJU;179;144;0.00047847
859;SJV006020SJU;180;138;0.00005191
859;SJV006020SJU;180;139;0.00051415
859;SJV006020SJU;180;140;0.00095694
859;SJV006020SJU;180;141;0.00191388
859;SJV006020SJU;180;142;0.00191388
859;SJV006020SJU;180;143;0.00047847
859;SJV006020SJU;181;137;0.00095694
859;SJV006020SJU;181;138;0.00047847
859;SJV006020SJU;181;139;0.00143541
859;SJV006020SJU;181;140;0.04170175
859;SJV006020SJU;181;141;0.02289155
859;SJV006020SJU;182;138;0.00017568
859;SJV006020SJU;182;139;0.00141574
859;SJV006020SJU;182;140;0.00080092
859;SJV006020SJU;182;141;0.00095694
859;SJV006020SJU;183;138;0.00140519
859;SJV006020SJU;183;139;0.00095694
859;SJV006020SJU;184;138;0.00003022
859;SJV006020SJU;184;147;0.00047847
859;SJV006020SJU;187;139;0.00047847
859;SJV006020SJU;188;152;0.00047847
859;SJV006020SJU;189;148;0.00095694
859;SJV006020SJU;189;149;0.00095694
859;SJV006020SJU;190;150;0.00000302
859;SJV006020SJU;190;151;0.00238933
859;SJV006020SJU;192;150;0.00047847
859;SJV006020SJU;193;148;0.00047847
859;SJV006024SJU;160;143;0.36788076
859;SJV006024SJU;160;144;0.31678516
859;SJV006024SJU;160;145;0.00876192
859;SJV006024SJU;165;138;0.09343221
859;SJV006024SJU;166;152;0.16204289
859;SJV006024SJU;174;147;0.04671611
859;SJV006024SJU;176;146;0.00438096
859;SJV006039SJU;149;161;0.00078216
859;SJV006039SJU;149;162;0.00001024
859;SJV006039SJU;150;161;0.00065065
859;SJV006039SJU;150;162;0.00020833
859;SJV006039SJU;151;160;0.00009174
859;SJV006039SJU;151;161;0.00012259
859;SJV006039SJU;151;162;0.00030014
859;SJV006039SJU;151;164;0.00008677
859;SJV006039SJU;151;165;0.00000498
859;SJV006039SJU;151;175;0.00009174
859;SJV006039SJU;152;160;0.00027523
859;SJV006039SJU;152;161;0.00042787
859;SJV006039SJU;152;162;0.00497851
859;SJV006039SJU;152;167;0.00015658
859;SJV006039SJU;152;168;0.00002691
859;SJV006039SJU;152;172;0.39168852
859;SJV006039SJU;152;173;0.00016100
859;SJV006039SJU;152;175;0.00018349
859;SJV006039SJU;153;161;0.00018349
859;SJV006039SJU;153;162;0.00013420
859;SJV006039SJU;153;169;0.00012094
859;SJV006039SJU;154;163;0.00018400
859;SJV006039SJU;154;167;0.00654634
859;SJV006039SJU;154;168;0.00094366
859;SJV006039SJU;154;169;0.00097514
859;SJV006039SJU;154;170;0.00027523
859;SJV006039SJU;154;172;0.00009174
859;SJV006039SJU;154;173;0.00005523
859;SJV006039SJU;155;159;0.00018349
859;SJV006039SJU;155;163;0.00119215
859;SJV006039SJU;155;164;0.00132069
859;SJV006039SJU;155;165;0.00133999
859;SJV006039SJU;155;166;0.10009955
859;SJV006039SJU;155;167;0.01104205
859;SJV006039SJU;155;168;0.01650728
859;SJV006039SJU;155;169;0.00201813
859;SJV006039SJU;155;170;0.00036697
859;SJV006039SJU;155;171;0.00047341
859;SJV006039SJU;155;172;0.00948214
859;SJV006039SJU;155;173;0.00217317
859;SJV006039SJU;155;175;0.00009174
859;SJV006039SJU;156;163;0.00304546
859;SJV006039SJU;156;164;0.00055046
859;SJV006039SJU;156;165;0.00018349
859;SJV006039SJU;156;166;0.00518523
859;SJV006039SJU;156;167;0.00488757
859;SJV006039SJU;156;168;0.00377235
859;SJV006039SJU;156;169;0.00079796
859;SJV006039SJU;156;171;0.00009174
859;SJV006039SJU;156;172;0.00283356
859;SJV006039SJU;156;173;0.00022585
859;SJV006039SJU;157;162;0.00018349
859;SJV006039SJU;157;163;0.00310133
859;SJV006039SJU;157;166;0.00027375
859;SJV006039SJU;157;168;0.00009174
859;SJV006039SJU;157;169;0.00000414
859;SJV006039SJU;157;172;0.00016947
859;SJV006039SJU;157;173;0.00034089
859;SJV006039SJU;158;161;0.00055046
859;SJV006039SJU;158;162;0.41360014
859;SJV006039SJU;158;164;0.00009174
859;SJV006039SJU;158;166;0.00009174
859;SJV006039SJU;158;168;0.00009174
859;SJV006039SJU;158;169;0.00036697
859;SJV006039SJU;158;170;0.00009174
859;SJV006039SJU;158;173;0.00016653
859;SJV006039SJU;158;174;0.00001219
859;SJV006039SJU;159;162;0.00018349
859;SJV006039SJU;159;163;0.00018349
859;SJV006039SJU;159;167;0.00009174
859;SJV006039SJU;159;169;0.00073395
859;SJV006039SJU;159;173;0.00011144
859;SJV006039SJU;159;174;0.00019464
859;SJV006039SJU;161;162;0.00003148
859;SJV006039SJU;161;163;0.00125293
859;SJV006039SJU;161;164;0.00018349
859;SJV006039SJU;162;162;0.00009174
859;SJV006039SJU;162;163;0.00009174
859;SJV006050SJU;154;157;0.26181922
859;SJV006050SJU;155;156;0.29045072
859;SJV006050SJU;155;158;0.00005875
859;SJV006050SJU;155;159;0.00005875
859;SJV006050SJU;156;156;0.00010065
859;SJV006050SJU;156;157;0.00007561
859;SJV006050SJU;157;154;0.00046991
859;SJV006050SJU;157;155;0.00000013
859;SJV006050SJU;157;156;0.00011751
859;SJV006050SJU;158;154;0.00158637
859;SJV006050SJU;158;155;0.00064630
859;SJV006050SJU;159;152;0.00058754
859;SJV006050SJU;159;160;0.00011743
859;SJV006050SJU;159;161;0.01034086
859;SJV006050SJU;160;150;0.00129260
859;SJV006050SJU;160;158;0.00035253
859;SJV006050SJU;160;159;0.00836475
859;SJV006050SJU;160;160;0.00078335
859;SJV006050SJU;160;161;0.00005288
859;SJV006050SJU;161;155;0.00005875
859;SJV006050SJU;161;156;0.00011751
859;SJV006050SJU;161;157;0.00188014
859;SJV006050SJU;161;158;0.09623709
859;SJV006050SJU;161;159;0.00839443
859;SJV006050SJU;161;160;0.00069700
859;SJV006050SJU;161;161;0.00887191
859;SJV006050SJU;162;154;0.00005875
859;SJV006050SJU;162;157;0.00217680
859;SJV006050SJU;162;158;0.00421651
859;SJV006050SJU;162;159;0.00483843
859;SJV006050SJU;162;160;0.00058754
859;SJV006050SJU;162;161;0.00141011
859;SJV006050SJU;162;162;0.00005875
859;SJV006050SJU;163;155;0.00631067
859;SJV006050SJU;163;156;0.00098665
859;SJV006050SJU;163;157;0.00022063
859;SJV006050SJU;163;158;0.00033473
859;SJV006050SJU;163;159;0.00136499
859;SJV006050SJU;164;154;0.26260050
859;SJV006050SJU;164;155;0.00932672
859;SJV006050SJU;164;156;0.00005915
859;SJV006050SJU;164;157;0.00023502
859;SJV006050SJU;164;158;0.00116433
859;SJV006050SJU;164;162;0.00860775
859;SJV006050SJU;164;163;0.00002915
859;SJV006050SJU;165;154;0.00017626
859;SJV006050SJU;165;155;0.00005875
859;SJV006050SJU;165;156;0.00032892
859;SJV006050SJU;165;157;0.00002361
859;SJV006050SJU;165;159;0.00005875
859;SJV006050SJU;165;162;0.00000866
859;SJV006050SJU;165;163;0.00005010
859;SJV006050SJU;166;158;0.00011751
859;SJV006050SJU;166;159;0.00076381
859;SJV006050SJU;167;156;0.00017626
859;SJV006050SJU;168;159;0.00001661
859;SJV006050SJU;168;164;0.00005875
859;SJV006050SJU;169;159;0.00004214
859;SJV006054SJU;192;128;0.00023618
859;SJV006054SJU;193;128;0.19862005
859;SJV006054SJU;195;129;0.01862626
859;SJV006054SJU;196;129;0.00285040
859;SJV006054SJU;197;117;0.39724009
859;SJV006054SJU;197;120;0.01140158
859;SJV006054SJU;197;121;0.00285040
859;SJV006054SJU;197;122;0.00285040
859;SJV006054SJU;197;123;0.01710237
859;SJV006054SJU;197;124;0.00570079
859;SJV006054SJU;198;114;0.00285040
859;SJV006054SJU;198;116;0.00285040
859;SJV006054SJU;198;123;0.00570079
859;SJV006054SJU;198;124;0.00285040
859;SJV006054SJU;198;129;0.00570079
859;SJV006054SJU;199;110;0.28551361
859;SJV006054SJU;199;123;0.00855119
859;SJV006054SJU;200;123;0.00570079
859;SJV006054SJU;200;125;0.00285040
859;SJV006054SJU;201;123;0.00285040
859;SJV006054SJU;202;120;0.00207657
859;SJV006054SJU;202;126;0.00285040
859;SJV006054SJU;203;117;0.00285040
859;SJV006054SJU;203;120;0.00077382
859;SJV006054SJU;204;116;0.00285040
859;SJV006054SJU;204;117;0.00285040
859;SJV006054SJU;205;116;0.00285040
