#GRID CA_State4k -684000. -564000. 4000. 4000. 321 291 1 LAMBERT METERS 30. 60. -120.5 -120.5 37.
139;0LC006017LAK;118;201;0.00960079
139;0LC006017LAK;119;196;0.00049156
139;0LC006017LAK;119;201;0.07072263
139;0LC006017LAK;120;196;0.00327308
139;0LC006017LAK;120;197;0.00472171
139;0LC006017LAK;120;198;0.01594901
139;0LC006017LAK;120;199;0.00236165
139;0LC006017LAK;120;201;0.05674813
139;0LC006017LAK;121;196;0.01271551
139;0LC006017LAK;121;197;0.01379151
139;0LC006017LAK;121;199;0.01649422
139;0LC006017LAK;121;200;0.03056021
139;0LC006017LAK;121;201;0.03200178
139;0LC006017LAK;122;195;0.00938838
139;0LC006017LAK;122;196;0.01740710
139;0LC006017LAK;122;199;0.00179245
139;0LC006017LAK;122;200;0.03022902
139;0LC006017LAK;123;194;0.00128281
139;0LC006017LAK;123;195;0.01896035
139;0LC006017LAK;123;198;0.01478903
139;0LC006017LAK;123;199;0.03474970
139;0LC006017LAK;124;193;0.00314974
139;0LC006017LAK;124;194;0.01519068
139;0LC006017LAK;124;195;0.01688098
139;0LC006017LAK;124;197;0.03581122
139;0LC006017LAK;124;198;0.01504048
139;0LC006017LAK;125;190;0.00195017
139;0LC006017LAK;125;191;0.00504008
139;0LC006017LAK;125;192;0.00462368
139;0LC006017LAK;125;193;0.00227403
139;0LC006017LAK;125;194;0.01779939
139;0LC006017LAK;125;195;0.00383972
139;0LC006017LAK;125;197;0.02891817
139;0LC006017LAK;126;190;0.00460601
139;0LC006017LAK;126;194;0.01771087
139;0LC006017LAK;126;197;0.03260790
139;0LC006017LAK;127;187;0.00232754
139;0LC006017LAK;127;188;0.03724505
139;0LC006017LAK;127;189;0.03572462
139;0LC006017LAK;127;190;0.01550963
139;0LC006017LAK;127;192;0.02371383
139;0LC006017LAK;127;193;0.01969692
139;0LC006017LAK;127;194;0.05808562
139;0LC006017LAK;127;195;0.06120044
139;0LC006017LAK;127;196;0.06935027
139;0LC006017LAK;127;197;0.00721792
139;0LC006017LAK;128;190;0.00967402
139;0LC006017LAK;128;191;0.01746321
139;0LC006017LAK;128;192;0.00052931
139;0LC006017LAK;128;196;0.00610344
139;0LC006017LAK;128;197;0.00439337
139;0LC006017LAK;129;196;0.00833832
139;0LC006017LAK;130;196;0.00296684
139;0LC006017LAK;130;197;0.00787052
139;0LC006017LAK;131;196;0.00805226
139;0LC006017LAK;131;197;0.00106308
139;0LT0060090ED;179;196;0.00964312
139;0LT0060090ED;179;197;0.01988402
139;0LT0060090ED;180;194;0.03454115
139;0LT0060090ED;180;195;0.02149456
139;0LT0060090ED;180;196;0.01357372
139;0LT0060090ED;180;197;0.00713903
139;0LT0060090ED;181;191;0.01861329
139;0LT0060090ED;181;192;0.00042938
139;0LT0060090ED;181;194;0.02166911
139;0LT0060090ED;182;190;0.03883652
139;0LT0060090ED;182;191;0.02803411
139;0LT0060090ED;182;192;0.21611189
139;0LT0060090ED;182;193;0.24007675
139;0LT0060090ED;182;194;0.08232992
139;0LT0060090ED;183;190;0.01942621
139;0LT0060090ED;183;194;0.22735207
139;0LT0060090ED;183;195;0.00084515
139;0LT006031PLA;178;200;0.08087671
139;0LT006031PLA;178;201;0.01089748
139;0LT006031PLA;179;197;0.00103466
139;0LT006031PLA;179;198;0.08013015
139;0LT006031PLA;179;199;0.10483609
139;0LT006031PLA;179;200;0.19088016
139;0LT006031PLA;179;201;0.03314267
139;0LT006031PLA;180;201;0.17276293
139;0LT006031PLA;180;202;0.07226509
139;0LT006031PLA;180;203;0.00098626
139;0LT006031PLA;181;202;0.18489164
139;0LT006031PLA;181;203;0.00396877
139;0LT006031PLA;182;202;0.06332738
139;0MC006003AMA;162;179;1.00000000
139;0MC006005CAL;161;174;0.01346591
139;0MC006005CAL;162;171;0.01579461
139;0MC006005CAL;162;173;0.02093193
139;0MC006005CAL;162;174;0.00237721
139;0MC006005CAL;163;171;0.01269615
139;0MC006005CAL;163;172;0.03780946
139;0MC006005CAL;163;173;0.00906951
139;0MC006005CAL;163;174;0.01388833
139;0MC006005CAL;164;172;0.01897499
139;0MC006005CAL;164;173;0.04442943
139;0MC006005CAL;164;174;0.02561866
139;0MC006005CAL;165;173;0.00121995
139;0MC006005CAL;165;174;0.03491436
139;0MC006005CAL;166;167;0.00184511
139;0MC006005CAL;166;174;0.02430032
139;0MC006005CAL;166;175;0.00312532
139;0MC006005CAL;166;176;0.00100547
139;0MC006005CAL;167;167;0.00290430
139;0MC006005CAL;167;174;0.04383311
139;0MC006005CAL;167;175;0.05180501
139;0MC006005CAL;167;176;0.05062580
139;0MC006005CAL;167;177;0.06279766
139;0MC006005CAL;168;167;0.00079691
139;0MC006005CAL;168;168;0.00845525
139;0MC006005CAL;168;169;0.01716764
139;0MC006005CAL;168;170;0.00782074
139;0MC006005CAL;168;173;0.01506820
139;0MC006005CAL;168;174;0.00820403
139;0MC006005CAL;168;177;0.00528359
139;0MC006005CAL;169;170;0.02203166
139;0MC006005CAL;169;171;0.00217744
139;0MC006005CAL;169;172;0.01871788
139;0MC006005CAL;169;173;0.00115722
139;0MC006005CAL;169;177;0.00150986
139;0MC006005CAL;169;178;0.00361319
139;0MC006005CAL;170;170;0.00347715
139;0MC006005CAL;170;171;0.03229708
139;0MC006005CAL;170;178;0.00548701
139;0MC006005CAL;170;179;0.00395525
139;0MC006005CAL;170;180;0.01010945
139;0MC006005CAL;171;169;0.05439225
139;0MC006005CAL;171;170;0.06249138
139;0MC006005CAL;171;171;0.02348244
139;0MC006005CAL;171;179;0.00512367
139;0MC006005CAL;171;180;0.01228904
139;0MC006005CAL;172;171;0.02190878
139;0MC006005CAL;172;172;0.01240898
139;0MC006005CAL;173;172;0.00963844
139;0MC006005CAL;173;173;0.02462101
139;0MC006005CAL;174;173;0.01351554
139;0MC006005CAL;174;174;0.02315894
139;0MC006005CAL;174;175;0.01590257
139;0MC006005CAL;175;175;0.00675915
139;0MC006005CAL;175;176;0.00993531
139;0MC006005CAL;176;176;0.00427416
139;0MC006005CAL;176;177;0.00442080
139;0MC006005CAL;177;177;0.00399448
139;0MC006005CAL;177;178;0.00261543
139;0MC006005CAL;178;178;0.00490976
139;0MC006005CAL;178;179;0.00577553
139;0MC006005CAL;179;179;0.00174720
139;0MC006005CAL;179;180;0.00482042
139;0MC006005CAL;180;180;0.00725679
139;0MC006005CAL;180;181;0.00001206
139;0MC006005CAL;181;181;0.00378370
139;0MC0060090ED;159;186;0.02273363
139;0MC0060090ED;160;186;0.06409345
139;0MC0060090ED;160;193;0.00785292
139;0MC0060090ED;161;186;0.06154219
139;0MC0060090ED;161;191;0.01737007
139;0MC0060090ED;161;192;0.01454734
139;0MC0060090ED;161;193;0.01557320
139;0MC0060090ED;162;186;0.04752320
139;0MC0060090ED;162;187;0.01813946
139;0MC0060090ED;162;191;0.01519486
139;0MC0060090ED;162;193;0.00494228
139;0MC0060090ED;163;187;0.07841637
139;0MC0060090ED;163;190;0.01926768
139;0MC0060090ED;163;191;0.00518572
139;0MC0060090ED;163;193;0.00572304
139;0MC0060090ED;164;184;0.01048711
139;0MC0060090ED;164;185;0.01161672
139;0MC0060090ED;164;186;0.01067541
139;0MC0060090ED;164;187;0.02016315
139;0MC0060090ED;164;188;0.06373344
139;0MC0060090ED;164;189;0.01536356
139;0MC0060090ED;164;190;0.00657698
139;0MC0060090ED;164;192;0.00256751
139;0MC0060090ED;164;193;0.00603648
139;0MC0060090ED;165;187;0.00213260
139;0MC0060090ED;165;188;0.08642576
139;0MC0060090ED;165;189;0.01657662
139;0MC0060090ED;165;190;0.00487152
139;0MC0060090ED;165;191;0.00458744
139;0MC0060090ED;165;192;0.00184556
139;0MC0060090ED;165;193;0.00122895
139;0MC0060090ED;166;188;0.06543610
139;0MC0060090ED;166;189;0.00376583
139;0MC0060090ED;167;188;0.02889215
139;0MC0060090ED;167;189;0.03450149
139;0MC0060090ED;168;188;0.03471728
139;0MC0060090ED;168;189;0.03449603
139;0MC0060090ED;169;189;0.06491155
139;0MC0060090ED;170;189;0.02933092
139;0MC0060090ED;171;189;0.00330450
139;0MC0060090ED;172;189;0.00341346
139;0MC0060090ED;172;190;0.00053091
139;0MC0060090ED;173;189;0.00253306
139;0MC0060090ED;173;190;0.00084705
139;0MC0060090ED;174;189;0.00330006
139;0MC0060090ED;174;190;0.00017582
139;0MC0060090ED;175;189;0.00348052
139;0MC0060090ED;176;189;0.00200776
139;0MC0060090ED;176;190;0.00138517
139;0MC0060090ED;177;190;0.00333363
139;0MC0060090ED;178;190;0.00330883
139;0MC0060090ED;179;186;0.00027477
139;0MC0060090ED;179;187;0.00026106
139;0MC0060090ED;179;190;0.00482286
139;0MC0060090ED;180;187;0.00040910
139;0MC0060090ED;180;190;0.00269163
139;0MC0060090ED;180;191;0.00137871
139;0MC0060090ED;181;191;0.00349552
139;0MC006022MPA;174;159;0.02303428
139;0MC006022MPA;174;160;0.01016652
139;0MC006022MPA;175;161;0.01039545
139;0MC006022MPA;176;160;0.01277747
139;0MC006022MPA;176;161;0.00952854
139;0MC006022MPA;177;160;0.00554616
139;0MC006022MPA;177;161;0.02030965
139;0MC006022MPA;177;162;0.00237996
139;0MC006022MPA;178;151;0.06088574
139;0MC006022MPA;178;160;0.00317406
139;0MC006022MPA;178;161;0.01893665
139;0MC006022MPA;179;151;0.00500914
139;0MC006022MPA;179;152;0.07436432
139;0MC006022MPA;179;158;0.00569129
139;0MC006022MPA;179;159;0.00712930
139;0MC006022MPA;179;160;0.00399049
139;0MC006022MPA;180;152;0.00112871
139;0MC006022MPA;180;153;0.07336862
139;0MC006022MPA;180;156;0.01676065
139;0MC006022MPA;180;157;0.02154366
139;0MC006022MPA;180;158;0.00317942
139;0MC006022MPA;180;164;0.00018010
139;0MC006022MPA;181;153;0.00294080
139;0MC006022MPA;181;154;0.10086251
139;0MC006022MPA;181;155;0.01711088
139;0MC006022MPA;181;156;0.00856388
139;0MC006022MPA;182;154;0.00715981
139;0MC006022MPA;182;155;0.07363853
139;0MC006022MPA;183;154;0.05092612
139;0MC006022MPA;183;155;0.05280838
139;0MC006022MPA;183;156;0.00323307
139;0MC006022MPA;183;157;0.00657070
139;0MC006022MPA;183;158;0.01180713
139;0MC006022MPA;183;159;0.00192644
139;0MC006022MPA;184;154;0.02074520
139;0MC006022MPA;184;156;0.01191776
139;0MC006022MPA;184;157;0.00614792
139;0MC006022MPA;184;159;0.01360702
139;0MC006022MPA;184;160;0.00749832
139;0MC006022MPA;185;154;0.02231727
139;0MC006022MPA;185;159;0.00985409
139;0MC006022MPA;185;160;0.00108116
139;0MC006022MPA;186;154;0.02136908
139;0MC006022MPA;186;159;0.00134061
139;0MC006022MPA;186;160;0.01074646
139;0MC006022MPA;187;154;0.02331504
139;0MC006022MPA;187;160;0.00842629
139;0MC006022MPA;188;153;0.01460004
139;0MC006022MPA;188;154;0.00916982
139;0MC006022MPA;190;154;0.03944891
139;0MC006022MPA;190;155;0.05138661
139;0MC006029NSI;175;205;0.48854624
139;0MC006029NSI;176;204;0.24427312
139;0MC006029NSI;176;205;0.24427312
139;0MC006029NSI;179;205;0.02290752
139;0MC006031PLA;164;200;0.33333333
139;0MC006031PLA;164;201;0.33333333
139;0MC006031PLA;168;204;0.33333333
139;0MC006032NSI;158;231;0.24998875
139;0MC006032NSI;161;224;0.15004025
139;0MC006032NSI;165;221;0.19999200
139;0MC006032NSI;173;218;0.39997900
139;0MC006046NSI;182;214;1.00000000
139;0MC006055TUO;172;165;1.00000000
139;0MD006015KER;214;94;0.03858208
139;0MD006015KER;222;91;0.03858208
139;0MD006015KER;230;88;0.10000000
139;0MD006015KER;234;88;0.82283584
139;0MD0060190AV;223;81;0.03978495
139;0MD0060190AV;224;79;0.45000000
139;0MD0060190AV;225;78;0.05107527
139;0MD0060190AV;225;79;0.00752688
139;0MD0060190AV;225;80;0.00161290
139;0MD0060190AV;227;76;0.45000000
139;0MD0060330SC;284;55;0.04022132
139;0MD0060330SC;285;55;0.08491959
139;0MD0060330SC;286;55;0.08490221
139;0MD0060330SC;287;55;0.04461566
139;0MD0060330SC;287;56;0.03993458
139;0MD0060330SC;288;56;0.08205013
139;0MD0060330SC;289;56;0.08082971
139;0MD0060330SC;289;57;0.00144265
139;0MD0060330SC;289;58;0.00011852
139;0MD0060330SC;289;66;0.00007650
139;0MD0060330SC;290;55;0.00633386
139;0MD0060330SC;290;56;0.07564850
139;0MD0060330SC;290;58;0.00132413
139;0MD0060330SC;290;59;0.00031274
139;0MD0060330SC;290;65;0.00013328
139;0MD0060330SC;290;66;0.00016041
139;0MD0060330SC;291;55;0.08355144
139;0MD0060330SC;291;59;0.00100665
139;0MD0060330SC;291;60;0.00107688
139;0MD0060330SC;291;61;0.00107688
139;0MD0060330SC;291;62;0.00107688
139;0MD0060330SC;291;63;0.00107688
139;0MD0060330SC;291;64;0.00107688
139;0MD0060330SC;291;65;0.00111112
139;0MD0060330SC;292;55;0.08362387
139;0MD0060330SC;292;65;0.00013014
139;0MD0060330SC;292;66;0.00020646
139;0MD0060330SC;293;55;0.08355347
139;0MD0060330SC;293;66;0.00013839
139;0MD0060330SC;294;54;0.04318391
139;0MD0060330SC;294;55;0.04036687
139;0MD0060330SC;295;54;0.08534229
139;0MD0060330SC;296;54;0.02937717
139;0MD006033MOJ;299;54;0.91426204
139;0MD006033MOJ;303;54;0.08573796
139;0MD006036MOJ;238;88;0.03000010
139;0MD006036MOJ;240;69;0.01117746
139;0MD006036MOJ;240;71;0.01882381
139;0MD006036MOJ;241;72;0.17705652
139;0MD006036MOJ;241;77;0.00086207
139;0MD006036MOJ;244;73;0.02456897
139;0MD006036MOJ;244;76;0.02456897
139;0MD006036MOJ;248;85;0.29823219
139;0MD006036MOJ;249;86;0.16280318
139;0MD006036MOJ;250;86;0.00086207
139;0MD006036MOJ;252;86;0.01235333
139;0MD006036MOJ;254;87;0.00176527
139;0MD006036MOJ;257;84;0.01235333
139;0MD006036MOJ;257;85;0.02456897
139;0MD006036MOJ;259;84;0.02705897
139;0MD006036MOJ;261;84;0.03764762
139;0MD006036MOJ;261;90;0.03764762
139;0MD006036MOJ;278;102;0.03764762
139;0MD006036MOJ;281;103;0.01882381
139;0MD006036MOJ;290;86;0.03764762
139;0MD006036MOJ;305;85;0.00353053
139;0NC006008NCU;107;277;1.00000000
139;0NC006012NCU;96;244;0.05263158
139;0NC006012NCU;96;245;0.04736842
139;0NC006012NCU;97;239;0.56711852
139;0NC006012NCU;97;254;0.14794198
139;0NC006012NCU;97;255;0.14794198
139;0NC006012NCU;101;248;0.03699752
139;0NC006023MEN;102;209;0.10000000
139;0NC006023MEN;107;219;0.08307536
139;0NC006023MEN;110;213;0.12461236
139;0NC006023MEN;111;212;0.01384705
139;0NC006023MEN;112;208;0.04155084
139;0NC006023MEN;115;201;0.63691438
139;0NC0060490NS;107;190;0.00000832
139;0NC0060490NS;107;191;0.00009504
139;0NC0060490NS;108;190;0.00160662
139;0NC0060490NS;109;188;0.00001157
139;0NC0060490NS;109;189;0.00166726
139;0NC0060490NS;109;190;0.00011981
139;0NC0060490NS;110;187;0.00134819
139;0NC0060490NS;110;188;0.00150258
139;0NC0060490NS;111;185;0.00077988
139;0NC0060490NS;111;186;0.00162178
139;0NC0060490NS;111;187;0.00003416
139;0NC0060490NS;112;184;0.00076765
139;0NC0060490NS;112;185;0.00122763
139;0NC0060490NS;113;183;0.00029132
139;0NC0060490NS;113;184;0.00164015
139;0NC0060490NS;114;183;0.00176104
139;0NC0060490NS;115;182;0.00173063
139;0NC0060490NS;115;183;0.00054276
139;0NC0060490NS;116;180;0.00070165
139;0NC0060490NS;116;181;0.00307143
139;0NC0060490NS;116;182;0.00218175
139;0NC0060490NS;117;178;0.00070157
139;0NC0060490NS;117;179;0.00154924
139;0NC0060490NS;117;180;0.00076677
139;0NC0060490NS;117;181;0.00264509
139;0NC0060490NS;117;182;0.00488776
139;0NC0060490NS;117;192;0.00076145
139;0NC0060490NS;118;178;0.00479059
139;0NC0060490NS;118;182;0.00907409
139;0NC0060490NS;118;183;0.00360718
139;0NC0060490NS;118;191;0.09191678
139;0NC0060490NS;118;192;0.10209131
139;0NC0060490NS;118;193;0.00028483
139;0NC0060490NS;119;178;0.00405288
139;0NC0060490NS;119;182;0.00244969
139;0NC0060490NS;119;183;0.00574173
139;0NC0060490NS;119;190;0.13148947
139;0NC0060490NS;119;191;0.00264561
139;0NC0060490NS;120;178;0.00139750
139;0NC0060490NS;120;182;0.00531053
139;0NC0060490NS;120;188;0.00824424
139;0NC0060490NS;120;189;0.12801777
139;0NC0060490NS;120;190;0.00556294
139;0NC0060490NS;121;181;0.00058481
139;0NC0060490NS;121;182;0.00517218
139;0NC0060490NS;121;185;0.00495910
139;0NC0060490NS;121;186;0.10531177
139;0NC0060490NS;121;187;0.09781228
139;0NC0060490NS;121;188;0.11838774
139;0NC0060490NS;121;189;0.00136580
139;0NC0060490NS;122;185;0.11067083
139;0NC0060490NS;122;187;0.00096867
139;0NC0060490NS;122;188;0.00250690
139;0NC0060490NS;123;186;0.00009711
139;0NC0060490NS;123;187;0.00309010
139;0NC0060490NS;124;186;0.00002767
139;0NC0060490NS;124;187;0.00297526
139;0NC0060490NS;125;186;0.00121567
139;0NC0060490NS;125;187;0.00130393
139;0NC0060490NS;126;185;0.00067511
139;0NC0060490NS;126;186;0.00217482
139;0NC006053NCU;109;248;0.30000400
139;0NC006053NCU;122;241;0.69999600
139;0SC0060190SC;208;82;0.42334978
139;0SC0060190SC;214;72;0.00444219
139;0SC0060190SC;214;74;0.10658015
139;0SC0060190SC;215;67;0.00001600
139;0SC0060190SC;215;68;0.00002666
139;0SC0060190SC;216;67;0.00004266
139;0SC0060190SC;217;66;0.00010666
139;0SC0060190SC;217;69;0.00000533
139;0SC0060190SC;218;62;0.00001067
139;0SC0060190SC;218;66;0.00003200
139;0SC0060190SC;218;68;0.00004266
139;0SC0060190SC;220;59;0.00014398
139;0SC0060190SC;220;60;0.00001600
139;0SC0060190SC;220;67;0.00053328
139;0SC0060190SC;221;53;0.00000533
139;0SC0060190SC;221;61;0.00004800
139;0SC0060190SC;222;54;0.00942833
139;0SC0060190SC;222;56;0.00461817
139;0SC0060190SC;222;57;0.00012799
139;0SC0060190SC;222;58;0.00008532
139;0SC0060190SC;222;61;0.00002666
139;0SC0060190SC;222;64;0.00054928
139;0SC0060190SC;222;65;0.00002133
139;0SC0060190SC;222;67;0.00000533
139;0SC0060190SC;223;53;0.00320499
139;0SC0060190SC;223;54;0.02741574
139;0SC0060190SC;223;55;0.01306527
139;0SC0060190SC;223;56;0.00020798
139;0SC0060190SC;223;57;0.00357829
139;0SC0060190SC;223;60;0.00123187
139;0SC0060190SC;223;61;0.00226109
139;0SC0060190SC;223;62;0.00119454
139;0SC0060190SC;223;63;0.00037329
139;0SC0060190SC;223;64;0.00002666
139;0SC0060190SC;224;54;0.01261732
139;0SC0060190SC;224;55;0.00191979
139;0SC0060190SC;224;58;0.00002666
139;0SC0060190SC;224;60;0.00007999
139;0SC0060190SC;224;61;0.00395158
139;0SC0060190SC;225;57;0.00011732
139;0SC0060190SC;225;59;0.00052261
139;0SC0060190SC;225;60;0.06826312
139;0SC0060190SC;225;61;0.00099189
139;0SC0060190SC;225;66;0.00000533
139;0SC0060190SC;226;58;0.00444219
139;0SC0060190SC;226;59;0.00001067
139;0SC0060190SC;226;60;0.28528070
139;0SC0060190SC;226;61;0.00006399
139;0SC0060190SC;226;62;0.00101323
139;0SC0060190SC;227;58;0.00245307
139;0SC0060190SC;227;60;0.00012799
139;0SC0060190SC;227;62;0.00002666
139;0SC0060190SC;227;63;0.00097056
139;0SC0060190SC;228;57;0.00015998
139;0SC0060190SC;228;58;0.00229842
139;0SC0060190SC;228;62;0.00169582
139;0SC0060190SC;228;63;0.00004266
139;0SC0060190SC;228;64;0.00008532
139;0SC0060190SC;229;61;0.00004800
139;0SC0060190SC;229;62;0.00137052
139;0SC0060190SC;229;63;0.00011732
139;0SC0060190SC;229;64;0.00012799
139;0SC0060190SC;230;61;0.00159983
139;0SC0060190SC;230;63;0.00018665
139;0SC0060190SC;230;64;0.00446352
139;0SC0060190SC;231;61;0.00052794
139;0SC0060190SC;232;61;0.00150384
139;0SC0060190SC;234;62;0.00000533
139;0SC0060190SC;234;64;0.00005866
139;0SC0060300SC;228;55;0.00054201
139;0SC0060300SC;228;57;0.01219512
139;0SC0060300SC;229;52;0.15000000
139;0SC0060300SC;229;54;0.15325204
139;0SC0060300SC;229;56;0.15000000
139;0SC0060300SC;229;57;0.00108401
139;0SC0060300SC;229;58;0.15000000
139;0SC0060300SC;230;53;0.00189702
139;0SC0060300SC;230;54;0.00433604
139;0SC0060300SC;230;57;0.01802168
139;0SC0060300SC;230;59;0.01991870
139;0SC0060300SC;231;53;0.00040650
139;0SC0060300SC;231;56;0.00325203
139;0SC0060300SC;231;57;0.00067751
139;0SC0060300SC;231;58;0.00189702
139;0SC0060300SC;231;59;0.00027100
139;0SC0060300SC;232;54;0.00704607
139;0SC0060300SC;232;56;0.00176152
139;0SC0060300SC;232;57;0.00162602
139;0SC0060300SC;233;57;0.00203252
139;0SC0060300SC;234;57;0.30000000
139;0SC0060300SC;235;52;0.01883469
139;0SC0060300SC;236;52;0.00013550
139;0SC0060300SC;238;46;0.00081301
139;0SC0060330SC;237;58;0.00006579
139;0SC0060330SC;238;58;0.00190790
139;0SC0060330SC;238;59;0.00243421
139;0SC0060330SC;238;62;0.00506579
139;0SC0060330SC;239;58;0.00736842
139;0SC0060330SC;239;62;0.01019737
139;0SC0060330SC;240;58;0.00414474
139;0SC0060330SC;242;59;0.00039474
139;0SC0060330SC;242;62;0.00940789
139;0SC0060330SC;243;61;0.00322368
139;0SC0060330SC;244;59;0.04059211
139;0SC0060330SC;244;60;0.02148989
139;0SC0060330SC;244;61;0.00098684
139;0SC0060330SC;245;52;0.02030568
139;0SC0060330SC;245;59;0.00835526
139;0SC0060330SC;246;56;0.02030568
139;0SC0060330SC;247;49;0.02030568
139;0SC0060330SC;247;60;0.02030568
139;0SC0060330SC;248;46;0.02030568
139;0SC0060330SC;248;48;0.00335526
139;0SC0060330SC;249;47;0.02030568
139;0SC0060330SC;249;57;0.00019737
139;0SC0060330SC;250;57;0.00052632
139;0SC0060330SC;251;60;0.21652859
139;0SC0060330SC;252;55;0.02030568
139;0SC0060330SC;253;60;0.00059210
139;0SC0060330SC;255;60;0.04061137
139;0SC0060330SC;256;60;0.48041455
139;0SC0060360SC;234;62;0.00010730
139;0SC0060360SC;235;61;0.00872473
139;0SC0060360SC;235;62;0.00096566
139;0SC0060360SC;236;60;0.00010730
139;0SC0060360SC;236;61;0.00686695
139;0SC0060360SC;236;64;0.00008584
139;0SC0060360SC;237;62;0.00023605
139;0SC0060360SC;237;63;0.00221030
139;0SC0060360SC;238;61;0.00072961
139;0SC0060360SC;238;62;0.00328326
139;0SC0060360SC;238;63;0.70508244
139;0SC0060360SC;238;64;0.00068670
139;0SC0060360SC;239;62;0.00141631
139;0SC0060360SC;239;63;0.00171674
139;0SC0060360SC;239;64;0.00860515
139;0SC0060360SC;240;63;0.11920400
139;0SC0060360SC;240;64;0.00289700
139;0SC0060360SC;241;63;0.02469957
139;0SC0060360SC;241;65;0.00334764
139;0SC0060360SC;242;63;0.02913484
139;0SC0060360SC;242;67;0.00244635
139;0SC0060360SC;243;62;0.00017167
139;0SC0060360SC;243;63;0.00015022
139;0SC0060360SC;243;66;0.00304721
139;0SC0060360SC;244;63;0.04243587
139;0SC0060360SC;244;64;0.00733906
139;0SC0060360SC;245;64;0.00403434
139;0SC0060360SC;249;62;0.02026791
139;0SD0060370SD;242;41;0.13845860
139;0SD0060370SD;245;39;0.00003884
139;0SD0060370SD;245;40;0.00062136
139;0SD0060370SD;246;34;0.08861592
139;0SD0060370SD;246;37;0.00015534
139;0SD0060370SD;247;29;0.00034952
139;0SD0060370SD;247;38;0.00182524
139;0SD0060370SD;248;27;0.00015534
139;0SD0060370SD;248;28;0.00011650
139;0SD0060370SD;248;31;0.00042718
139;0SD0060370SD;248;38;0.00151456
139;0SD0060370SD;248;39;0.00015534
139;0SD0060370SD;248;46;0.00831025
139;0SD0060370SD;249;26;0.02800000
139;0SD0060370SD;249;28;0.00015534
139;0SD0060370SD;249;29;0.00124272
139;0SD0060370SD;249;30;0.00034952
139;0SD0060370SD;249;31;0.00687379
139;0SD0060370SD;249;37;0.00015534
139;0SD0060370SD;249;38;0.00085437
139;0SD0060370SD;250;25;0.04994175
139;0SD0060370SD;250;28;0.00151456
139;0SD0060370SD;250;38;0.00015534
139;0SD0060370SD;251;32;0.00019417
139;0SD0060370SD;251;40;0.05815515
139;0SD0060370SD;253;22;0.00128155
139;0SD0060370SD;254;22;0.43163601
139;0SD0060370SD;254;29;0.00151456
139;0SD0060370SD;260;30;0.08861592
139;0SD0060370SD;264;28;0.08861592
139;0SF0060010BA;132;164;0.00293375
139;0SF0060010BA;133;163;0.03554183
139;0SF0060010BA;133;164;0.01336328
139;0SF0060010BA;134;163;0.00767827
139;0SF0060010BA;135;161;0.00012633
139;0SF0060010BA;135;162;0.53992909
139;0SF0060010BA;135;163;0.00002807
139;0SF0060010BA;136;159;0.00007018
139;0SF0060010BA;136;160;0.00032285
139;0SF0060010BA;136;161;0.00064570
139;0SF0060010BA;137;158;0.00026670
139;0SF0060010BA;137;159;0.00179674
139;0SF0060010BA;138;158;0.00051937
139;0SF0060010BA;138;159;0.00109489
139;0SF0060010BA;139;156;0.00023863
139;0SF0060010BA;140;155;0.15002500
139;0SF0060010BA;140;156;0.00144582
139;0SF0060010BA;141;154;0.00005615
139;0SF0060010BA;141;157;0.07501250
139;0SF0060010BA;142;159;0.00053341
139;0SF0060010BA;145;161;0.09128145
139;0SF0060010BA;146;161;0.07708998
139;0SF0060070BA;131;167;0.02500000
139;0SF0060070BA;132;168;0.04368932
139;0SF0060070BA;138;167;0.90000000
139;0SF0060070BA;138;169;0.00291262
139;0SF0060070BA;142;170;0.02839806
139;0SF0060210BA;128;170;0.42864999
139;0SF0060210BA;129;165;0.57135001
139;0SF0060280BA;126;185;0.00212470
139;0SF0060280BA;127;185;0.02192314
139;0SF0060280BA;127;186;0.02059171
139;0SF0060280BA;127;187;0.02328808
139;0SF0060280BA;128;184;0.03540405
139;0SF0060280BA;128;185;0.00941540
139;0SF0060280BA;129;183;0.03112011
139;0SF0060280BA;129;184;0.03181997
139;0SF0060280BA;130;182;0.03608016
139;0SF0060280BA;130;183;0.02170680
139;0SF0060280BA;131;180;0.01460647
139;0SF0060280BA;131;181;0.04612186
139;0SF0060280BA;131;182;0.01557054
139;0SF0060280BA;132;176;0.00145368
139;0SF0060280BA;132;179;0.03438783
139;0SF0060280BA;132;180;0.03639928
139;0SF0060280BA;132;182;0.00382238
139;0SF0060280BA;133;176;0.04742314
139;0SF0060280BA;133;177;0.04965616
139;0SF0060280BA;133;178;0.04280093
139;0SF0060280BA;133;179;0.00673186
139;0SF0060280BA;133;182;0.00390300
139;0SF0060280BA;133;183;0.00074679
139;0SF0060280BA;134;173;0.01100053
139;0SF0060280BA;134;174;0.03813728
139;0SF0060280BA;134;175;0.06982777
139;0SF0060280BA;134;176;0.18349228
139;0SF0060280BA;134;177;0.04961368
139;0SF0060280BA;134;178;0.01481356
139;0SF0060280BA;134;182;0.00172940
139;0SF0060280BA;134;183;0.00257068
139;0SF0060280BA;135;173;0.00221613
139;0SF0060280BA;135;174;0.01535819
139;0SF0060280BA;135;175;0.04831349
139;0SF0060280BA;135;178;0.00205449
139;0SF0060280BA;135;179;0.00730446
139;0SF0060280BA;135;180;0.00493542
139;0SF0060280BA;135;181;0.00519435
139;0SF0060280BA;135;182;0.00213503
139;0SF0060280BA;136;181;0.00185410
139;0SF0060280BA;136;182;0.00012869
139;0SF0060280BA;137;182;0.00132303
139;0SF0060280BA;137;183;0.00065384
139;0SF0060280BA;138;183;0.00024557
139;0SF0060380BA;131;162;1.00000000
139;0SF0060410BA;130;159;0.03000000
139;0SF0060410BA;130;160;0.04400000
139;0SF0060410BA;130;161;0.01400000
139;0SF0060410BA;131;157;0.90000000
139;0SF0060410BA;131;159;0.00733333
139;0SF0060410BA;131;160;0.00133333
139;0SF0060410BA;133;157;0.00333333
139;0SF0060430BA;139;153;0.00284810
139;0SF0060430BA;140;152;0.02246835
139;0SF0060430BA;141;152;0.00189873
139;0SF0060430BA;141;153;0.00253165
139;0SF0060430BA;141;154;0.00284810
139;0SF0060430BA;142;148;0.00126582
139;0SF0060430BA;142;150;0.01107595
139;0SF0060430BA;142;151;0.30000000
139;0SF0060430BA;142;152;0.00949367
139;0SF0060430BA;142;153;0.01518987
139;0SF0060430BA;145;146;0.00537975
139;0SF0060430BA;147;145;0.00126582
139;0SF0060430BA;148;143;0.30000000
139;0SF0060430BA;148;144;0.30000000
139;0SF0060430BA;149;141;0.02373418
139;0SF0060480BA;134;172;0.00909091
139;0SF0060480BA;135;173;0.75785859
139;0SF0060480BA;136;171;0.02727273
139;0SF0060480BA;136;175;0.05454545
139;0SF0060480BA;137;171;0.00909091
139;0SF0060480BA;137;175;0.14214141
139;0SF0060490BA;123;183;0.32208589
139;0SF0060490BA;124;178;0.08282209
139;0SF0060490BA;124;180;0.21779141
139;0SF0060490BA;125;176;0.04907975
139;0SF0060490BA;125;177;0.02453988
139;0SF0060490BA;126;176;0.15644172
139;0SF0060490BA;127;175;0.14723926
139;0SS006013IMP;273;26;0.10105079
139;0SS006013IMP;275;44;0.06631566
139;0SS006013IMP;281;30;0.00250000
139;0SS006013IMP;283;29;0.20210158
139;0SS006013IMP;284;37;0.06631566
139;0SS006013IMP;285;31;0.00947637
139;0SS006013IMP;286;35;0.04447637
139;0SS006013IMP;286;38;0.01578901
139;0SS006013IMP;287;28;0.02947637
139;0SS006013IMP;287;30;0.18275913
139;0SS006013IMP;287;41;0.00500000
139;0SS006013IMP;290;27;0.15473551
139;0SS006013IMP;301;30;0.10105079
139;0SS006013IMP;305;30;0.01895275
139;0SS0060330SC;259;60;0.11361122
139;0SS0060330SC;261;59;0.14378649
139;0SS0060330SC;262;60;0.00405405
139;0SS0060330SC;265;56;0.00135135
139;0SS0060330SC;265;57;0.16331459
139;0SS0060330SC;269;55;0.00675676
139;0SS0060330SC;270;55;0.37243324
139;0SS0060330SC;272;51;0.08108108
139;0SS0060330SC;275;54;0.11361122
139;0SV006004BUT;144;215;0.32835821
139;0SV006004BUT;145;215;0.17910448
139;0SV006004BUT;146;213;0.49253731
139;0SV006006COL;136;203;1.00000000
139;0SV006011GLE;136;212;0.90000000
139;0SV006011GLE;138;211;0.10000000
139;0SV006031PLA;154;190;0.76470588
139;0SV006031PLA;154;191;0.00420168
139;0SV006031PLA;155;191;0.23109244
139;0SV006034SAC;148;187;0.09172144
139;0SV006034SAC;150;185;0.79298642
139;0SV006034SAC;150;186;0.01694268
139;0SV006034SAC;151;182;0.00127388
139;0SV006034SAC;151;185;0.00560510
139;0SV006034SAC;151;186;0.01057325
139;0SV006034SAC;152;181;0.00012739
139;0SV006034SAC;152;182;0.00203822
139;0SV006034SAC;152;183;0.00815287
139;0SV006034SAC;153;182;0.04063694
139;0SV006034SAC;153;183;0.00063694
139;0SV006034SAC;153;185;0.00012739
139;0SV006034SAC;153;186;0.01146497
139;0SV006034SAC;154;183;0.00025478
139;0SV006034SAC;154;188;0.01720297
139;0SV006034SAC;155;185;0.00025478
139;0SV006045SHA;129;241;0.00760802
139;0SV006045SHA;133;236;0.00160000
139;0SV006045SHA;133;238;0.11324090
139;0SV006045SHA;133;240;0.00560000
139;0SV006045SHA;133;248;0.08112767
139;0SV006045SHA;134;237;0.53222917
139;0SV006045SHA;134;244;0.08112767
139;0SV006045SHA;135;254;0.08112767
139;0SV006045SHA;143;246;0.08112767
139;0SV006045SHA;144;237;0.01521122
139;0SV0060480YS;142;181;0.03636364
139;0SV0060480YS;143;181;0.06363636
139;0SV0060480YS;144;182;0.90000000
139;0SV0060510FR;147;199;0.01637931
139;0SV0060510FR;147;200;0.90000000
139;0SV0060510FR;148;199;0.01120690
139;0SV0060510FR;150;190;0.07241379
139;0SV006052TEH;135;230;0.10142803
139;0SV006052TEH;135;233;0.00951175
139;0SV006052TEH;136;220;0.78763219
139;0SV006052TEH;136;222;0.10142803
139;0SV0060570YS;136;191;0.00156250
139;0SV0060570YS;140;193;0.41739225
139;0SV0060570YS;141;192;0.46303658
139;0SV0060570YS;145;187;0.00585938
139;0SV0060570YS;149;183;0.00273438
139;0SV0060570YS;149;184;0.06015625
139;0SV0060570YS;149;185;0.04925868
139;0SV0060580FR;148;200;0.06859241
139;0SV0060580FR;148;201;0.00014614
139;0SV0060580FR;148;202;0.00074636
139;0SV0060580FR;148;203;0.00027938
139;0SV0060580FR;149;196;0.01526556
139;0SV0060580FR;149;197;0.00009436
139;0SV0060580FR;149;198;0.00720037
139;0SV0060580FR;149;199;0.06535941
139;0SV0060580FR;149;200;0.26936572
139;0SV0060580FR;149;201;0.00060887
139;0SV0060580FR;149;203;0.00046582
139;0SV0060580FR;149;204;0.00253691
139;0SV0060580FR;150;195;0.02689715
139;0SV0060580FR;150;196;0.03479778
139;0SV0060580FR;150;197;0.09170217
139;0SV0060580FR;150;198;0.10647055
139;0SV0060580FR;150;200;0.00031117
139;0SV0060580FR;150;201;0.02546250
139;0SV0060580FR;151;196;0.01410566
139;0SV0060580FR;151;197;0.09079000
139;0SV0060580FR;151;201;0.00737266
139;0SV0060580FR;151;202;0.01032109
139;0SV0060580FR;152;196;0.08630032
139;0SV0060580FR;152;202;0.01750146
139;0SV0060580FR;153;202;0.01809137
139;0SV0060580FR;154;201;0.00859362
139;0SV0060580FR;154;202;0.01246165
139;0SV0060580FR;155;201;0.01268349
139;0SV0060580FR;159;206;0.00045544
139;0SV0060580FR;159;207;0.00059802
139;0SV0060580FR;160;207;0.00116058
139;0SV0060580FR;160;208;0.00212765
139;0SV0060580FR;160;209;0.00113437
139;GBV006002GBU;181;181;0.05384002
139;GBV006002GBU;181;187;0.00595338
139;GBV006002GBU;181;188;0.05610550
139;GBV006002GBU;182;181;0.01756580
139;GBV006002GBU;182;182;0.01945587
139;GBV006002GBU;182;187;0.07675382
139;GBV006002GBU;182;188;0.01952973
139;GBV006002GBU;183;182;0.00490428
139;GBV006002GBU;183;187;0.00731848
139;GBV006002GBU;183;188;0.10326147
139;GBV006002GBU;183;189;0.08077604
139;GBV006002GBU;183;190;0.01796596
139;GBV006002GBU;184;182;0.00078384
139;GBV006002GBU;184;183;0.00576231
139;GBV006002GBU;184;189;0.00063859
139;GBV006002GBU;184;190;0.10237322
139;GBV006002GBU;185;183;0.00401469
139;GBV006002GBU;185;184;0.00052291
139;GBV006002GBU;185;189;0.06849571
139;GBV006002GBU;185;190;0.01589632
139;GBV006002GBU;186;183;0.00310599
139;GBV006002GBU;186;184;0.00489013
139;GBV006002GBU;186;185;0.00000014
139;GBV006002GBU;186;188;0.01262782
139;GBV006002GBU;186;189;0.03051734
139;GBV006002GBU;186;190;0.08570196
139;GBV006002GBU;187;184;0.00140005
139;GBV006002GBU;187;185;0.00617151
139;GBV006002GBU;187;187;0.00678793
139;GBV006002GBU;187;188;0.00707601
139;GBV006002GBU;187;190;0.02441929
139;GBV006002GBU;187;191;0.07132291
139;GBV006002GBU;187;192;0.00023214
139;GBV006002GBU;188;185;0.00109423
139;GBV006002GBU;188;186;0.00875264
139;GBV006002GBU;188;187;0.02009430
139;GBV006002GBU;189;186;0.01066472
139;GBV006002GBU;189;187;0.01824400
139;GBV006002GBU;190;178;0.00147846
139;GBV006002GBU;190;187;0.02114553
139;GBV006002GBU;191;187;0.00235496
139;GBV006014GBU;221;141;0.12857065
139;GBV006014GBU;228;116;0.21428347
139;GBV006014GBU;230;110;0.65714588
139;GBV006026GBU;204;162;1.00000000
139;NCC006027MBU;141;131;0.00037477
139;NCC006027MBU;143;134;0.00018738
139;NCC006027MBU;144;135;0.00031231
139;NCC006027MBU;144;137;0.00056215
139;NCC006027MBU;146;132;0.00074953
139;NCC006027MBU;146;133;0.08257339
139;NCC006027MBU;146;137;0.00106184
139;NCC006027MBU;147;132;0.17867523
139;NCC006027MBU;147;133;0.26376138
139;NCC006027MBU;148;131;0.00012492
139;NCC006027MBU;148;132;0.00081199
139;NCC006027MBU;149;132;0.00106184
139;NCC006027MBU;150;131;0.00037477
139;NCC006027MBU;153;126;0.00037477
139;NCC006027MBU;155;124;0.00031231
139;NCC006027MBU;158;120;0.00074953
139;NCC006027MBU;158;121;0.00062461
139;NCC006027MBU;159;119;0.24576702
139;NCC006027MBU;166;110;0.22154027
139;NCC006035MBU;152;139;1.00000000
139;NCC006044MBU;138;141;0.11363636
139;NCC006044MBU;144;139;0.88636364
139;NEP006018LAS;158;252;0.04913793
139;NEP006018LAS;159;238;0.20929858
139;NEP006018LAS;161;231;0.04913793
139;NEP006018LAS;168;233;0.00172414
139;NEP006018LAS;172;230;0.66976968
139;NEP006018LAS;176;240;0.02093174
139;NEP006025MOD;171;262;1.00000000
139;NEP006047SIS;130;271;0.12413753
139;NEP006047SIS;130;273;0.12413753
139;NEP006047SIS;130;275;0.01164141
139;NEP006047SIS;132;263;0.24827506
139;NEP006047SIS;133;261;0.25602953
139;NEP006047SIS;135;257;0.01164141
139;NEP006047SIS;135;258;0.10000000
139;NEP006047SIS;138;267;0.12413753
139;SCC006040SLO;167;103;0.03200000
139;SCC006040SLO;167;106;0.62038504
139;SCC006040SLO;168;105;0.04400000
139;SCC006040SLO;170;92;0.02400000
139;SCC006040SLO;175;105;0.27961496
139;SCC0060420SB;171;78;0.00041152
139;SCC0060420SB;172;86;0.09382716
139;SCC0060420SB;174;85;0.00576132
139;SCC0060420SB;178;73;0.90000000
139;SCC006056VEN;199;68;0.00124740
139;SCC006056VEN;202;64;0.08711019
139;SCC006056VEN;202;65;0.00415800
139;SCC006056VEN;203;66;0.00665281
139;SCC006056VEN;204;70;0.69995556
139;SCC006056VEN;206;66;0.20004444
139;SCC006056VEN;211;68;0.00083160
139;SJV006010SJU;177;121;0.00012331
139;SJV006010SJU;180;117;0.52363845
139;SJV006010SJU;183;132;0.00073983
139;SJV006010SJU;185;136;0.03440197
139;SJV006010SJU;186;136;0.01689273
139;SJV006010SJU;186;137;0.00049322
139;SJV006010SJU;187;133;0.00271270
139;SJV006010SJU;187;134;0.00653514
139;SJV006010SJU;187;135;0.00012331
139;SJV006010SJU;188;132;0.00073983
139;SJV006010SJU;188;133;0.38474626
139;SJV006010SJU;188;134;0.01676942
139;SJV006010SJU;189;138;0.00073983
139;SJV006010SJU;190;131;0.00826141
139;SJV006010SJU;190;133;0.00135635
139;SJV006010SJU;192;136;0.00036991
139;SJV006010SJU;196;131;0.00049322
139;SJV006010SJU;197;132;0.00086313
139;SJV006015SJU;190;104;0.04323427
139;SJV006015SJU;195;99;0.03897240
139;SJV006015SJU;196;98;0.10412675
139;SJV006015SJU;196;104;0.00034722
139;SJV006015SJU;199;101;0.00057870
139;SJV006015SJU;200;101;0.00497685
139;SJV006015SJU;201;97;0.00081019
139;SJV006015SJU;201;102;0.15978518
139;SJV006015SJU;203;96;0.01157407
139;SJV006015SJU;204;96;0.00636574
139;SJV006015SJU;204;97;0.00162037
139;SJV006015SJU;204;98;0.02719907
139;SJV006015SJU;204;99;0.00034722
139;SJV006015SJU;205;93;0.02801115
139;SJV006015SJU;206;86;0.01035233
139;SJV006015SJU;206;87;0.38849524
139;SJV006015SJU;206;89;0.01278803
139;SJV006015SJU;206;97;0.00196759
139;SJV006015SJU;207;90;0.00694444
139;SJV006015SJU;207;94;0.00694444
139;SJV006015SJU;207;95;0.00694444
139;SJV006015SJU;207;97;0.04578057
139;SJV006015SJU;208;83;0.03897240
139;SJV006015SJU;208;94;0.00694444
139;SJV006015SJU;209;93;0.00694444
139;SJV006015SJU;212;95;0.03897240
139;SJV006016SJU;183;114;0.78747187
139;SJV006016SJU;190;122;0.04638783
139;SJV006016SJU;190;123;0.11252813
139;SJV006016SJU;192;117;0.04334601
139;SJV006016SJU;192;127;0.01026616
139;SJV006020SJU;172;144;0.21015472
139;SJV006020SJU;179;141;0.03333333
139;SJV006020SJU;179;142;0.68984528
139;SJV006020SJU;185;139;0.06666667
139;SJV006024SJU;160;143;0.33109268
139;SJV006024SJU;160;144;0.28510664
139;SJV006024SJU;160;145;0.00788573
139;SJV006024SJU;161;148;0.00189003
139;SJV006024SJU;165;138;0.08408899
139;SJV006024SJU;165;143;0.00206186
139;SJV006024SJU;165;152;0.00429553
139;SJV006024SJU;165;153;0.00395189
139;SJV006024SJU;166;152;0.14652589
139;SJV006024SJU;167;152;0.05446735
139;SJV006024SJU;169;151;0.00103093
139;SJV006024SJU;172;150;0.02010309
139;SJV006024SJU;173;149;0.01151203
139;SJV006024SJU;174;147;0.04204450
139;SJV006024SJU;176;146;0.00394286
139;SJV006039SJU;149;161;0.00378755
139;SJV006039SJU;150;161;0.02268176
139;SJV006039SJU;152;162;0.00021767
139;SJV006039SJU;152;172;0.39166603
139;SJV006039SJU;154;163;0.00117545
139;SJV006039SJU;154;167;0.00021767
139;SJV006039SJU;155;164;0.02080975
139;SJV006039SJU;155;165;0.00121898
139;SJV006039SJU;155;166;0.10819871
139;SJV006039SJU;155;167;0.00513714
139;SJV006039SJU;155;169;0.00030475
139;SJV006039SJU;155;170;0.00052242
139;SJV006039SJU;155;172;0.00030475
139;SJV006039SJU;156;163;0.00113191
139;SJV006039SJU;156;166;0.01732695
139;SJV006039SJU;156;167;0.00187201
139;SJV006039SJU;156;168;0.00213322
139;SJV006039SJU;157;163;0.00339573
139;SJV006039SJU;158;161;0.00034828
139;SJV006039SJU;158;162;0.41249922
139;SJV006039SJU;159;162;0.00008707
139;SJV006039SJU;161;163;0.00496300
139;SJV006050SJU;154;157;0.26181922
139;SJV006050SJU;155;156;0.29045072
139;SJV006050SJU;158;160;0.00075758
139;SJV006050SJU;159;161;0.00075758
139;SJV006050SJU;160;159;0.01439394
139;SJV006050SJU;161;157;0.01006494
139;SJV006050SJU;161;158;0.10149526
139;SJV006050SJU;162;157;0.00043290
139;SJV006050SJU;162;159;0.00963204
139;SJV006050SJU;162;160;0.00010823
139;SJV006050SJU;162;161;0.01233766
139;SJV006050SJU;163;155;0.03279221
139;SJV006050SJU;163;156;0.00194805
139;SJV006050SJU;164;154;0.26181922
139;SJV006050SJU;166;155;0.00119048
139;SJV006054SJU;193;128;0.19862005
139;SJV006054SJU;195;129;0.01862626
139;SJV006054SJU;196;124;0.04429224
139;SJV006054SJU;197;117;0.39724009
139;SJV006054SJU;197;120;0.02831050
139;SJV006054SJU;197;130;0.00319635
139;SJV006054SJU;198;120;0.00228311
139;SJV006054SJU;198;126;0.00182648
139;SJV006054SJU;198;132;0.00456621
139;SJV006054SJU;199;110;0.28551361
139;SJV006054SJU;199;121;0.00913242
139;SJV006054SJU;200;109;0.00639269
