#GRID CA_State4k -684000. -564000. 4000. 4000. 321 291 1 LAMBERT METERS 30. 60. -120.5 -120.5 37.
133;0LC006017LAK;118;201;0.00960079
133;0LC006017LAK;119;196;0.00049156
133;0LC006017LAK;119;201;0.07072263
133;0LC006017LAK;120;196;0.00327308
133;0LC006017LAK;120;197;0.00472171
133;0LC006017LAK;120;198;0.01594901
133;0LC006017LAK;120;199;0.00236165
133;0LC006017LAK;120;201;0.05674813
133;0LC006017LAK;121;196;0.01271551
133;0LC006017LAK;121;197;0.01379151
133;0LC006017LAK;121;199;0.01649422
133;0LC006017LAK;121;200;0.03056021
133;0LC006017LAK;121;201;0.03200178
133;0LC006017LAK;122;195;0.00938838
133;0LC006017LAK;122;196;0.01740710
133;0LC006017LAK;122;199;0.00179245
133;0LC006017LAK;122;200;0.03022902
133;0LC006017LAK;123;194;0.00128281
133;0LC006017LAK;123;195;0.01896035
133;0LC006017LAK;123;198;0.01478903
133;0LC006017LAK;123;199;0.03474970
133;0LC006017LAK;124;193;0.00314974
133;0LC006017LAK;124;194;0.01519068
133;0LC006017LAK;124;195;0.01688098
133;0LC006017LAK;124;197;0.03581122
133;0LC006017LAK;124;198;0.01504048
133;0LC006017LAK;125;190;0.00195017
133;0LC006017LAK;125;191;0.00504008
133;0LC006017LAK;125;192;0.00462368
133;0LC006017LAK;125;193;0.00227403
133;0LC006017LAK;125;194;0.01779939
133;0LC006017LAK;125;195;0.00383972
133;0LC006017LAK;125;197;0.02891817
133;0LC006017LAK;126;190;0.00460601
133;0LC006017LAK;126;194;0.01771087
133;0LC006017LAK;126;197;0.03260790
133;0LC006017LAK;127;187;0.00232754
133;0LC006017LAK;127;188;0.03724505
133;0LC006017LAK;127;189;0.03572462
133;0LC006017LAK;127;190;0.01550963
133;0LC006017LAK;127;192;0.02371383
133;0LC006017LAK;127;193;0.01969692
133;0LC006017LAK;127;194;0.05808562
133;0LC006017LAK;127;195;0.06120044
133;0LC006017LAK;127;196;0.06935027
133;0LC006017LAK;127;197;0.00721792
133;0LC006017LAK;128;190;0.00967402
133;0LC006017LAK;128;191;0.01746321
133;0LC006017LAK;128;192;0.00052931
133;0LC006017LAK;128;196;0.00610344
133;0LC006017LAK;128;197;0.00439337
133;0LC006017LAK;129;196;0.00833832
133;0LC006017LAK;130;196;0.00296684
133;0LC006017LAK;130;197;0.00787052
133;0LC006017LAK;131;196;0.00805226
133;0LC006017LAK;131;197;0.00106308
133;0LT0060090ED;179;196;0.00964312
133;0LT0060090ED;179;197;0.01988402
133;0LT0060090ED;180;194;0.03454115
133;0LT0060090ED;180;195;0.02149456
133;0LT0060090ED;180;196;0.01357372
133;0LT0060090ED;180;197;0.00713903
133;0LT0060090ED;181;191;0.01861329
133;0LT0060090ED;181;192;0.00042938
133;0LT0060090ED;181;194;0.02166911
133;0LT0060090ED;182;190;0.03883652
133;0LT0060090ED;182;191;0.02803411
133;0LT0060090ED;182;192;0.21611189
133;0LT0060090ED;182;193;0.24007675
133;0LT0060090ED;182;194;0.08232992
133;0LT0060090ED;183;190;0.01942621
133;0LT0060090ED;183;194;0.22735207
133;0LT0060090ED;183;195;0.00084515
133;0LT006031PLA;178;200;0.08087671
133;0LT006031PLA;178;201;0.01089748
133;0LT006031PLA;179;197;0.00103466
133;0LT006031PLA;179;198;0.08013015
133;0LT006031PLA;179;199;0.10483609
133;0LT006031PLA;179;200;0.19088016
133;0LT006031PLA;179;201;0.03314267
133;0LT006031PLA;180;201;0.17276293
133;0LT006031PLA;180;202;0.07226509
133;0LT006031PLA;180;203;0.00098626
133;0LT006031PLA;181;202;0.18489164
133;0LT006031PLA;181;203;0.00396877
133;0LT006031PLA;182;202;0.06332738
133;0MC006003AMA;162;179;1.00000000
133;0MC006005CAL;161;174;0.01346591
133;0MC006005CAL;162;171;0.01579461
133;0MC006005CAL;162;173;0.02093193
133;0MC006005CAL;162;174;0.00237721
133;0MC006005CAL;163;171;0.01269615
133;0MC006005CAL;163;172;0.03780946
133;0MC006005CAL;163;173;0.00906951
133;0MC006005CAL;163;174;0.01388833
133;0MC006005CAL;164;172;0.01897499
133;0MC006005CAL;164;173;0.04442943
133;0MC006005CAL;164;174;0.02561866
133;0MC006005CAL;165;173;0.00121995
133;0MC006005CAL;165;174;0.03491436
133;0MC006005CAL;166;167;0.00184511
133;0MC006005CAL;166;174;0.02430032
133;0MC006005CAL;166;175;0.00312532
133;0MC006005CAL;166;176;0.00100547
133;0MC006005CAL;167;167;0.00290430
133;0MC006005CAL;167;174;0.04383311
133;0MC006005CAL;167;175;0.05180501
133;0MC006005CAL;167;176;0.05062580
133;0MC006005CAL;167;177;0.06279766
133;0MC006005CAL;168;167;0.00079691
133;0MC006005CAL;168;168;0.00845525
133;0MC006005CAL;168;169;0.01716764
133;0MC006005CAL;168;170;0.00782074
133;0MC006005CAL;168;173;0.01506820
133;0MC006005CAL;168;174;0.00820403
133;0MC006005CAL;168;177;0.00528359
133;0MC006005CAL;169;170;0.02203166
133;0MC006005CAL;169;171;0.00217744
133;0MC006005CAL;169;172;0.01871788
133;0MC006005CAL;169;173;0.00115722
133;0MC006005CAL;169;177;0.00150986
133;0MC006005CAL;169;178;0.00361319
133;0MC006005CAL;170;170;0.00347715
133;0MC006005CAL;170;171;0.03229708
133;0MC006005CAL;170;178;0.00548701
133;0MC006005CAL;170;179;0.00395525
133;0MC006005CAL;170;180;0.01010945
133;0MC006005CAL;171;169;0.05439225
133;0MC006005CAL;171;170;0.06249138
133;0MC006005CAL;171;171;0.02348244
133;0MC006005CAL;171;179;0.00512367
133;0MC006005CAL;171;180;0.01228904
133;0MC006005CAL;172;171;0.02190878
133;0MC006005CAL;172;172;0.01240898
133;0MC006005CAL;173;172;0.00963844
133;0MC006005CAL;173;173;0.02462101
133;0MC006005CAL;174;173;0.01351554
133;0MC006005CAL;174;174;0.02315894
133;0MC006005CAL;174;175;0.01590257
133;0MC006005CAL;175;175;0.00675915
133;0MC006005CAL;175;176;0.00993531
133;0MC006005CAL;176;176;0.00427416
133;0MC006005CAL;176;177;0.00442080
133;0MC006005CAL;177;177;0.00399448
133;0MC006005CAL;177;178;0.00261543
133;0MC006005CAL;178;178;0.00490976
133;0MC006005CAL;178;179;0.00577553
133;0MC006005CAL;179;179;0.00174720
133;0MC006005CAL;179;180;0.00482042
133;0MC006005CAL;180;180;0.00725679
133;0MC006005CAL;180;181;0.00001206
133;0MC006005CAL;181;181;0.00378370
133;0MC0060090ED;159;186;0.02273363
133;0MC0060090ED;160;186;0.06409345
133;0MC0060090ED;160;193;0.00785292
133;0MC0060090ED;161;186;0.06154219
133;0MC0060090ED;161;191;0.01737007
133;0MC0060090ED;161;192;0.01454734
133;0MC0060090ED;161;193;0.01557320
133;0MC0060090ED;162;186;0.04752320
133;0MC0060090ED;162;187;0.01813946
133;0MC0060090ED;162;191;0.01519486
133;0MC0060090ED;162;193;0.00494228
133;0MC0060090ED;163;187;0.07841637
133;0MC0060090ED;163;190;0.01926768
133;0MC0060090ED;163;191;0.00518572
133;0MC0060090ED;163;193;0.00572304
133;0MC0060090ED;164;184;0.01048711
133;0MC0060090ED;164;185;0.01161672
133;0MC0060090ED;164;186;0.01067541
133;0MC0060090ED;164;187;0.02016315
133;0MC0060090ED;164;188;0.06373344
133;0MC0060090ED;164;189;0.01536356
133;0MC0060090ED;164;190;0.00657698
133;0MC0060090ED;164;192;0.00256751
133;0MC0060090ED;164;193;0.00603648
133;0MC0060090ED;165;187;0.00213260
133;0MC0060090ED;165;188;0.08642576
133;0MC0060090ED;165;189;0.01657662
133;0MC0060090ED;165;190;0.00487152
133;0MC0060090ED;165;191;0.00458744
133;0MC0060090ED;165;192;0.00184556
133;0MC0060090ED;165;193;0.00122895
133;0MC0060090ED;166;188;0.06543610
133;0MC0060090ED;166;189;0.00376583
133;0MC0060090ED;167;188;0.02889215
133;0MC0060090ED;167;189;0.03450149
133;0MC0060090ED;168;188;0.03471728
133;0MC0060090ED;168;189;0.03449603
133;0MC0060090ED;169;189;0.06491155
133;0MC0060090ED;170;189;0.02933092
133;0MC0060090ED;171;189;0.00330450
133;0MC0060090ED;172;189;0.00341346
133;0MC0060090ED;172;190;0.00053091
133;0MC0060090ED;173;189;0.00253306
133;0MC0060090ED;173;190;0.00084705
133;0MC0060090ED;174;189;0.00330006
133;0MC0060090ED;174;190;0.00017582
133;0MC0060090ED;175;189;0.00348052
133;0MC0060090ED;176;189;0.00200776
133;0MC0060090ED;176;190;0.00138517
133;0MC0060090ED;177;190;0.00333363
133;0MC0060090ED;178;190;0.00330883
133;0MC0060090ED;179;186;0.00027477
133;0MC0060090ED;179;187;0.00026106
133;0MC0060090ED;179;190;0.00482286
133;0MC0060090ED;180;187;0.00040910
133;0MC0060090ED;180;190;0.00269163
133;0MC0060090ED;180;191;0.00137871
133;0MC0060090ED;181;191;0.00349552
133;0MC006022MPA;174;159;0.02303428
133;0MC006022MPA;174;160;0.01016652
133;0MC006022MPA;175;161;0.01039545
133;0MC006022MPA;176;160;0.01277747
133;0MC006022MPA;176;161;0.00952854
133;0MC006022MPA;177;160;0.00554616
133;0MC006022MPA;177;161;0.02030965
133;0MC006022MPA;177;162;0.00237996
133;0MC006022MPA;178;151;0.06088574
133;0MC006022MPA;178;160;0.00317406
133;0MC006022MPA;178;161;0.01893665
133;0MC006022MPA;179;151;0.00500914
133;0MC006022MPA;179;152;0.07436432
133;0MC006022MPA;179;158;0.00569129
133;0MC006022MPA;179;159;0.00712930
133;0MC006022MPA;179;160;0.00399049
133;0MC006022MPA;180;152;0.00112871
133;0MC006022MPA;180;153;0.07336862
133;0MC006022MPA;180;156;0.01676065
133;0MC006022MPA;180;157;0.02154366
133;0MC006022MPA;180;158;0.00317942
133;0MC006022MPA;180;164;0.00018010
133;0MC006022MPA;181;153;0.00294080
133;0MC006022MPA;181;154;0.10086251
133;0MC006022MPA;181;155;0.01711088
133;0MC006022MPA;181;156;0.00856388
133;0MC006022MPA;182;154;0.00715981
133;0MC006022MPA;182;155;0.07363853
133;0MC006022MPA;183;154;0.05092612
133;0MC006022MPA;183;155;0.05280838
133;0MC006022MPA;183;156;0.00323307
133;0MC006022MPA;183;157;0.00657070
133;0MC006022MPA;183;158;0.01180713
133;0MC006022MPA;183;159;0.00192644
133;0MC006022MPA;184;154;0.02074520
133;0MC006022MPA;184;156;0.01191776
133;0MC006022MPA;184;157;0.00614792
133;0MC006022MPA;184;159;0.01360702
133;0MC006022MPA;184;160;0.00749832
133;0MC006022MPA;185;154;0.02231727
133;0MC006022MPA;185;159;0.00985409
133;0MC006022MPA;185;160;0.00108116
133;0MC006022MPA;186;154;0.02136908
133;0MC006022MPA;186;159;0.00134061
133;0MC006022MPA;186;160;0.01074646
133;0MC006022MPA;187;154;0.02331504
133;0MC006022MPA;187;160;0.00842629
133;0MC006022MPA;188;153;0.01460004
133;0MC006022MPA;188;154;0.00916982
133;0MC006022MPA;190;154;0.03944891
133;0MC006022MPA;190;155;0.05138661
133;0MC006029NSI;175;205;0.48854624
133;0MC006029NSI;176;204;0.24427312
133;0MC006029NSI;176;205;0.24427312
133;0MC006029NSI;179;205;0.02290752
133;0MC006031PLA;164;200;0.33333333
133;0MC006031PLA;164;201;0.33333333
133;0MC006031PLA;168;204;0.33333333
133;0MC006032NSI;158;231;0.24998875
133;0MC006032NSI;161;224;0.15004025
133;0MC006032NSI;165;221;0.19999200
133;0MC006032NSI;173;218;0.39997900
133;0MC006046NSI;182;214;1.00000000
133;0MC006055TUO;172;165;1.00000000
133;0MD006015KER;214;94;0.01286069
133;0MD006015KER;222;91;0.01286069
133;0MD006015KER;230;88;0.70000000
133;0MD006015KER;234;88;0.27427861
133;0MD0060190AV;223;81;0.27849462
133;0MD0060190AV;224;79;0.15000000
133;0MD0060190AV;225;78;0.35752688
133;0MD0060190AV;225;79;0.05268817
133;0MD0060190AV;225;80;0.01129032
133;0MD0060190AV;227;76;0.15000000
133;0MD0060330SC;284;55;0.04022132
133;0MD0060330SC;285;55;0.08491959
133;0MD0060330SC;286;55;0.08490221
133;0MD0060330SC;287;55;0.04461566
133;0MD0060330SC;287;56;0.03993458
133;0MD0060330SC;288;56;0.08205013
133;0MD0060330SC;289;56;0.08082971
133;0MD0060330SC;289;57;0.00144265
133;0MD0060330SC;289;58;0.00011852
133;0MD0060330SC;289;66;0.00007650
133;0MD0060330SC;290;55;0.00633386
133;0MD0060330SC;290;56;0.07564850
133;0MD0060330SC;290;58;0.00132413
133;0MD0060330SC;290;59;0.00031274
133;0MD0060330SC;290;65;0.00013328
133;0MD0060330SC;290;66;0.00016041
133;0MD0060330SC;291;55;0.08355144
133;0MD0060330SC;291;59;0.00100665
133;0MD0060330SC;291;60;0.00107688
133;0MD0060330SC;291;61;0.00107688
133;0MD0060330SC;291;62;0.00107688
133;0MD0060330SC;291;63;0.00107688
133;0MD0060330SC;291;64;0.00107688
133;0MD0060330SC;291;65;0.00111112
133;0MD0060330SC;292;55;0.08362387
133;0MD0060330SC;292;65;0.00013014
133;0MD0060330SC;292;66;0.00020646
133;0MD0060330SC;293;55;0.08355347
133;0MD0060330SC;293;66;0.00013839
133;0MD0060330SC;294;54;0.04318391
133;0MD0060330SC;294;55;0.04036687
133;0MD0060330SC;295;54;0.08534229
133;0MD0060330SC;296;54;0.02937717
133;0MD006033MOJ;299;54;0.91426204
133;0MD006033MOJ;303;54;0.08573796
133;0MD006036MOJ;238;88;0.01000003
133;0MD006036MOJ;240;69;0.00372582
133;0MD006036MOJ;240;71;0.00627460
133;0MD006036MOJ;241;72;0.05901884
133;0MD006036MOJ;241;77;0.00603448
133;0MD006036MOJ;244;73;0.17198276
133;0MD006036MOJ;244;76;0.17198276
133;0MD006036MOJ;248;85;0.09941073
133;0MD006036MOJ;249;86;0.21806083
133;0MD006036MOJ;250;86;0.00603448
133;0MD006036MOJ;252;86;0.00411778
133;0MD006036MOJ;254;87;0.00058842
133;0MD006036MOJ;257;84;0.00411778
133;0MD006036MOJ;257;85;0.17198276
133;0MD006036MOJ;259;84;0.00901966
133;0MD006036MOJ;261;84;0.01254921
133;0MD006036MOJ;261;90;0.01254921
133;0MD006036MOJ;278;102;0.01254921
133;0MD006036MOJ;281;103;0.00627460
133;0MD006036MOJ;290;86;0.01254921
133;0MD006036MOJ;305;85;0.00117684
133;0NC006008NCU;107;277;1.00000000
133;0NC006012NCU;96;244;0.36842105
133;0NC006012NCU;96;245;0.33157895
133;0NC006012NCU;97;239;0.18903951
133;0NC006012NCU;97;254;0.04931399
133;0NC006012NCU;97;255;0.04931399
133;0NC006012NCU;101;248;0.01233251
133;0NC006023MEN;102;209;0.70000000
133;0NC006023MEN;107;219;0.02769179
133;0NC006023MEN;110;213;0.04153745
133;0NC006023MEN;111;212;0.00461568
133;0NC006023MEN;112;208;0.01385028
133;0NC006023MEN;115;201;0.21230479
133;0NC0060490NS;107;190;0.00000832
133;0NC0060490NS;107;191;0.00009504
133;0NC0060490NS;108;190;0.00160662
133;0NC0060490NS;109;188;0.00001157
133;0NC0060490NS;109;189;0.00166726
133;0NC0060490NS;109;190;0.00011981
133;0NC0060490NS;110;187;0.00134819
133;0NC0060490NS;110;188;0.00150258
133;0NC0060490NS;111;185;0.00077988
133;0NC0060490NS;111;186;0.00162178
133;0NC0060490NS;111;187;0.00003416
133;0NC0060490NS;112;184;0.00076765
133;0NC0060490NS;112;185;0.00122763
133;0NC0060490NS;113;183;0.00029132
133;0NC0060490NS;113;184;0.00164015
133;0NC0060490NS;114;183;0.00176104
133;0NC0060490NS;115;182;0.00173063
133;0NC0060490NS;115;183;0.00054276
133;0NC0060490NS;116;180;0.00070165
133;0NC0060490NS;116;181;0.00307143
133;0NC0060490NS;116;182;0.00218175
133;0NC0060490NS;117;178;0.00070157
133;0NC0060490NS;117;179;0.00154924
133;0NC0060490NS;117;180;0.00076677
133;0NC0060490NS;117;181;0.00264509
133;0NC0060490NS;117;182;0.00488776
133;0NC0060490NS;117;192;0.00076145
133;0NC0060490NS;118;178;0.00479059
133;0NC0060490NS;118;182;0.00907409
133;0NC0060490NS;118;183;0.00360718
133;0NC0060490NS;118;191;0.09191678
133;0NC0060490NS;118;192;0.10209131
133;0NC0060490NS;118;193;0.00028483
133;0NC0060490NS;119;178;0.00405288
133;0NC0060490NS;119;182;0.00244969
133;0NC0060490NS;119;183;0.00574173
133;0NC0060490NS;119;190;0.13148947
133;0NC0060490NS;119;191;0.00264561
133;0NC0060490NS;120;178;0.00139750
133;0NC0060490NS;120;182;0.00531053
133;0NC0060490NS;120;188;0.00824424
133;0NC0060490NS;120;189;0.12801777
133;0NC0060490NS;120;190;0.00556294
133;0NC0060490NS;121;181;0.00058481
133;0NC0060490NS;121;182;0.00517218
133;0NC0060490NS;121;185;0.00495910
133;0NC0060490NS;121;186;0.10531177
133;0NC0060490NS;121;187;0.09781228
133;0NC0060490NS;121;188;0.11838774
133;0NC0060490NS;121;189;0.00136580
133;0NC0060490NS;122;185;0.11067083
133;0NC0060490NS;122;187;0.00096867
133;0NC0060490NS;122;188;0.00250690
133;0NC0060490NS;123;186;0.00009711
133;0NC0060490NS;123;187;0.00309010
133;0NC0060490NS;124;186;0.00002767
133;0NC0060490NS;124;187;0.00297526
133;0NC0060490NS;125;186;0.00121567
133;0NC0060490NS;125;187;0.00130393
133;0NC0060490NS;126;185;0.00067511
133;0NC0060490NS;126;186;0.00217482
133;0NC006053NCU;109;248;0.30000400
133;0NC006053NCU;122;241;0.69999600
133;0SC0060190SC;208;82;0.14111659
133;0SC0060190SC;214;72;0.00148073
133;0SC0060190SC;214;74;0.03552672
133;0SC0060190SC;215;67;0.00011199
133;0SC0060190SC;215;68;0.00018665
133;0SC0060190SC;216;67;0.00029863
133;0SC0060190SC;217;66;0.00074659
133;0SC0060190SC;217;69;0.00003733
133;0SC0060190SC;218;62;0.00007466
133;0SC0060190SC;218;66;0.00022398
133;0SC0060190SC;218;68;0.00029863
133;0SC0060190SC;220;59;0.00100789
133;0SC0060190SC;220;60;0.00011199
133;0SC0060190SC;220;67;0.00373293
133;0SC0060190SC;221;53;0.00003733
133;0SC0060190SC;221;61;0.00033596
133;0SC0060190SC;222;54;0.06599830
133;0SC0060190SC;222;56;0.00271260
133;0SC0060190SC;222;57;0.00089590
133;0SC0060190SC;222;58;0.00059727
133;0SC0060190SC;222;61;0.00018665
133;0SC0060190SC;222;64;0.00384492
133;0SC0060190SC;222;65;0.00014932
133;0SC0060190SC;222;67;0.00003733
133;0SC0060190SC;223;53;0.02243494
133;0SC0060190SC;223;54;0.19191019
133;0SC0060190SC;223;55;0.09145691
133;0SC0060190SC;223;56;0.00145585
133;0SC0060190SC;223;57;0.02504799
133;0SC0060190SC;223;60;0.00862308
133;0SC0060190SC;223;61;0.01582764
133;0SC0060190SC;223;62;0.00836177
133;0SC0060190SC;223;63;0.00261306
133;0SC0060190SC;223;64;0.00018665
133;0SC0060190SC;224;54;0.08832125
133;0SC0060190SC;224;55;0.01343856
133;0SC0060190SC;224;58;0.00018665
133;0SC0060190SC;224;60;0.00055994
133;0SC0060190SC;224;61;0.02766105
133;0SC0060190SC;225;57;0.00082125
133;0SC0060190SC;225;59;0.00365828
133;0SC0060190SC;225;60;0.02389203
133;0SC0060190SC;225;61;0.00694326
133;0SC0060190SC;225;66;0.00003733
133;0SC0060190SC;226;58;0.00148073
133;0SC0060190SC;226;59;0.00007466
133;0SC0060190SC;226;60;0.10223947
133;0SC0060190SC;226;61;0.00044795
133;0SC0060190SC;226;62;0.00709258
133;0SC0060190SC;227;58;0.01717150
133;0SC0060190SC;227;60;0.00089590
133;0SC0060190SC;227;62;0.00018665
133;0SC0060190SC;227;63;0.00679394
133;0SC0060190SC;228;57;0.00111988
133;0SC0060190SC;228;58;0.01608895
133;0SC0060190SC;228;62;0.01187073
133;0SC0060190SC;228;63;0.00029863
133;0SC0060190SC;228;64;0.00059727
133;0SC0060190SC;229;61;0.00033596
133;0SC0060190SC;229;62;0.00959364
133;0SC0060190SC;229;63;0.00082125
133;0SC0060190SC;229;64;0.00089590
133;0SC0060190SC;230;61;0.01119880
133;0SC0060190SC;230;63;0.00130653
133;0SC0060190SC;230;64;0.00163005
133;0SC0060190SC;231;61;0.00369561
133;0SC0060190SC;232;61;0.01052688
133;0SC0060190SC;234;62;0.00003733
133;0SC0060190SC;234;64;0.00041062
133;0SC0060300SC;228;55;0.00379403
133;0SC0060300SC;228;57;0.08536585
133;0SC0060300SC;229;52;0.05000000
133;0SC0060300SC;229;54;0.07276423
133;0SC0060300SC;229;56;0.05000000
133;0SC0060300SC;229;57;0.00758808
133;0SC0060300SC;229;58;0.05000000
133;0SC0060300SC;230;53;0.01327913
133;0SC0060300SC;230;54;0.03035230
133;0SC0060300SC;230;57;0.12615176
133;0SC0060300SC;230;59;0.13943089
133;0SC0060300SC;231;53;0.00284553
133;0SC0060300SC;231;56;0.02276423
133;0SC0060300SC;231;57;0.00474255
133;0SC0060300SC;231;58;0.01327913
133;0SC0060300SC;231;59;0.00189702
133;0SC0060300SC;232;54;0.04932249
133;0SC0060300SC;232;56;0.01233063
133;0SC0060300SC;232;57;0.01138211
133;0SC0060300SC;233;57;0.01422764
133;0SC0060300SC;234;57;0.10000000
133;0SC0060300SC;235;52;0.13184282
133;0SC0060300SC;236;52;0.00094851
133;0SC0060300SC;238;46;0.00569106
133;0SC0060330SC;237;58;0.00046052
133;0SC0060330SC;238;58;0.01335526
133;0SC0060330SC;238;59;0.01703948
133;0SC0060330SC;238;62;0.03546052
133;0SC0060330SC;239;58;0.05157895
133;0SC0060330SC;239;62;0.07138158
133;0SC0060330SC;240;58;0.02901316
133;0SC0060330SC;242;59;0.00276316
133;0SC0060330SC;242;62;0.06585526
133;0SC0060330SC;243;61;0.02256579
133;0SC0060330SC;244;59;0.28414473
133;0SC0060330SC;244;60;0.01505804
133;0SC0060330SC;244;61;0.00690789
133;0SC0060330SC;245;52;0.00676856
133;0SC0060330SC;245;59;0.05848684
133;0SC0060330SC;246;56;0.00676856
133;0SC0060330SC;247;49;0.00676856
133;0SC0060330SC;247;60;0.00676856
133;0SC0060330SC;248;46;0.00676856
133;0SC0060330SC;248;48;0.02348684
133;0SC0060330SC;249;47;0.00676856
133;0SC0060330SC;249;57;0.00138158
133;0SC0060330SC;250;57;0.00368421
133;0SC0060330SC;251;60;0.07217620
133;0SC0060330SC;252;55;0.00676856
133;0SC0060330SC;253;60;0.00414473
133;0SC0060330SC;255;60;0.01353712
133;0SC0060330SC;256;60;0.16013818
133;0SC0060360SC;234;62;0.00075107
133;0SC0060360SC;235;61;0.04840180
133;0SC0060360SC;235;62;0.00675965
133;0SC0060360SC;236;60;0.00075107
133;0SC0060360SC;236;61;0.04806867
133;0SC0060360SC;236;64;0.00060086
133;0SC0060360SC;237;62;0.00165236
133;0SC0060360SC;237;63;0.01547210
133;0SC0060360SC;238;61;0.00510730
133;0SC0060360SC;238;62;0.02298283
133;0SC0060360SC;238;63;0.24876139
133;0SC0060360SC;238;64;0.00480686
133;0SC0060360SC;239;62;0.00991416
133;0SC0060360SC;239;63;0.01201717
133;0SC0060360SC;239;64;0.06023605
133;0SC0060360SC;240;63;0.14617243
133;0SC0060360SC;240;64;0.02027897
133;0SC0060360SC;241;63;0.17289700
133;0SC0060360SC;241;65;0.02343347
133;0SC0060360SC;242;63;0.00971161
133;0SC0060360SC;242;67;0.01712446
133;0SC0060360SC;243;62;0.00120172
133;0SC0060360SC;243;63;0.00105150
133;0SC0060360SC;243;66;0.02133047
133;0SC0060360SC;244;63;0.01414529
133;0SC0060360SC;244;64;0.05137339
133;0SC0060360SC;245;64;0.02824034
133;0SC0060360SC;249;62;0.00675597
133;0SD0060370SD;242;41;0.04615287
133;0SD0060370SD;245;39;0.00027184
133;0SD0060370SD;245;40;0.00434951
133;0SD0060370SD;246;34;0.02953864
133;0SD0060370SD;246;37;0.00108738
133;0SD0060370SD;247;29;0.00244660
133;0SD0060370SD;247;38;0.01277670
133;0SD0060370SD;248;27;0.00108738
133;0SD0060370SD;248;28;0.00081553
133;0SD0060370SD;248;31;0.00299029
133;0SD0060370SD;248;38;0.01060194
133;0SD0060370SD;248;39;0.00108738
133;0SD0060370SD;248;46;0.00277008
133;0SD0060370SD;249;26;0.19600000
133;0SD0060370SD;249;28;0.00108738
133;0SD0060370SD;249;29;0.00869903
133;0SD0060370SD;249;30;0.00244660
133;0SD0060370SD;249;31;0.04811650
133;0SD0060370SD;249;37;0.00108738
133;0SD0060370SD;249;38;0.00598058
133;0SD0060370SD;250;25;0.34959224
133;0SD0060370SD;250;28;0.01060194
133;0SD0060370SD;250;38;0.00108738
133;0SD0060370SD;251;32;0.00135922
133;0SD0060370SD;251;40;0.01938505
133;0SD0060370SD;253;22;0.00897087
133;0SD0060370SD;254;22;0.15993045
133;0SD0060370SD;254;29;0.01060194
133;0SD0060370SD;260;30;0.02953864
133;0SD0060370SD;264;28;0.02953864
133;0SF0060010BA;132;164;0.02053622
133;0SF0060010BA;133;163;0.24879281
133;0SF0060010BA;133;164;0.09354295
133;0SF0060010BA;134;163;0.05374790
133;0SF0060010BA;135;161;0.00088434
133;0SF0060010BA;135;162;0.27992022
133;0SF0060010BA;135;163;0.00019652
133;0SF0060010BA;136;159;0.00049129
133;0SF0060010BA;136;160;0.00225996
133;0SF0060010BA;136;161;0.00451993
133;0SF0060010BA;137;158;0.00186693
133;0SF0060010BA;137;159;0.01257720
133;0SF0060010BA;138;158;0.00363560
133;0SF0060010BA;138;159;0.00766424
133;0SF0060010BA;139;156;0.00167041
133;0SF0060010BA;140;155;0.05000833
133;0SF0060010BA;140;156;0.01012072
133;0SF0060010BA;141;154;0.00039304
133;0SF0060010BA;141;157;0.02500417
133;0SF0060010BA;142;159;0.00373386
133;0SF0060010BA;145;161;0.13888682
133;0SF0060010BA;146;161;0.03954656
133;0SF0060070BA;131;167;0.17500000
133;0SF0060070BA;132;168;0.30582524
133;0SF0060070BA;138;167;0.30000000
133;0SF0060070BA;138;169;0.02038835
133;0SF0060070BA;142;170;0.19878641
133;0SF0060210BA;128;170;0.42864999
133;0SF0060210BA;129;165;0.57135001
133;0SF0060280BA;126;185;0.00212470
133;0SF0060280BA;127;185;0.02192314
133;0SF0060280BA;127;186;0.02059171
133;0SF0060280BA;127;187;0.02328808
133;0SF0060280BA;128;184;0.03540405
133;0SF0060280BA;128;185;0.00941540
133;0SF0060280BA;129;183;0.03112011
133;0SF0060280BA;129;184;0.03181997
133;0SF0060280BA;130;182;0.03608016
133;0SF0060280BA;130;183;0.02170680
133;0SF0060280BA;131;180;0.01460647
133;0SF0060280BA;131;181;0.04612186
133;0SF0060280BA;131;182;0.01557054
133;0SF0060280BA;132;176;0.00145368
133;0SF0060280BA;132;179;0.03438783
133;0SF0060280BA;132;180;0.03639928
133;0SF0060280BA;132;182;0.00382238
133;0SF0060280BA;133;176;0.04742314
133;0SF0060280BA;133;177;0.04965616
133;0SF0060280BA;133;178;0.04280093
133;0SF0060280BA;133;179;0.00673186
133;0SF0060280BA;133;182;0.00390300
133;0SF0060280BA;133;183;0.00074679
133;0SF0060280BA;134;173;0.01100053
133;0SF0060280BA;134;174;0.03813728
133;0SF0060280BA;134;175;0.06982777
133;0SF0060280BA;134;176;0.18349228
133;0SF0060280BA;134;177;0.04961368
133;0SF0060280BA;134;178;0.01481356
133;0SF0060280BA;134;182;0.00172940
133;0SF0060280BA;134;183;0.00257068
133;0SF0060280BA;135;173;0.00221613
133;0SF0060280BA;135;174;0.01535819
133;0SF0060280BA;135;175;0.04831349
133;0SF0060280BA;135;178;0.00205449
133;0SF0060280BA;135;179;0.00730446
133;0SF0060280BA;135;180;0.00493542
133;0SF0060280BA;135;181;0.00519435
133;0SF0060280BA;135;182;0.00213503
133;0SF0060280BA;136;181;0.00185410
133;0SF0060280BA;136;182;0.00012869
133;0SF0060280BA;137;182;0.00132303
133;0SF0060280BA;137;183;0.00065384
133;0SF0060280BA;138;183;0.00024557
133;0SF0060380BA;131;162;1.00000000
133;0SF0060410BA;130;159;0.21000000
133;0SF0060410BA;130;160;0.30800000
133;0SF0060410BA;130;161;0.09800000
133;0SF0060410BA;131;157;0.30000000
133;0SF0060410BA;131;159;0.05133333
133;0SF0060410BA;131;160;0.00933333
133;0SF0060410BA;133;157;0.02333333
133;0SF0060430BA;139;153;0.01993671
133;0SF0060430BA;140;152;0.15727848
133;0SF0060430BA;141;152;0.01329114
133;0SF0060430BA;141;153;0.01772152
133;0SF0060430BA;141;154;0.01993671
133;0SF0060430BA;142;148;0.00886076
133;0SF0060430BA;142;150;0.07753164
133;0SF0060430BA;142;151;0.10000000
133;0SF0060430BA;142;152;0.06645570
133;0SF0060430BA;142;153;0.10632911
133;0SF0060430BA;145;146;0.03765823
133;0SF0060430BA;147;145;0.00886076
133;0SF0060430BA;148;143;0.10000000
133;0SF0060430BA;148;144;0.10000000
133;0SF0060430BA;149;141;0.16613924
133;0SF0060480BA;134;172;0.06363636
133;0SF0060480BA;135;173;0.25261953
133;0SF0060480BA;136;171;0.19090909
133;0SF0060480BA;136;175;0.38181818
133;0SF0060480BA;137;171;0.06363636
133;0SF0060480BA;137;175;0.04738047
133;0SF0060490BA;123;183;0.32208589
133;0SF0060490BA;124;178;0.08282209
133;0SF0060490BA;124;180;0.21779141
133;0SF0060490BA;125;176;0.04907975
133;0SF0060490BA;125;177;0.02453988
133;0SF0060490BA;126;176;0.15644172
133;0SF0060490BA;127;175;0.14723926
133;0SS006013IMP;273;26;0.03368360
133;0SS006013IMP;275;44;0.02210522
133;0SS006013IMP;281;30;0.01750000
133;0SS006013IMP;283;29;0.06736719
133;0SS006013IMP;284;37;0.02210522
133;0SS006013IMP;285;31;0.00315879
133;0SS006013IMP;286;35;0.24815879
133;0SS006013IMP;286;38;0.00526300
133;0SS006013IMP;287;28;0.14315879
133;0SS006013IMP;287;30;0.31091971
133;0SS006013IMP;287;41;0.03500000
133;0SS006013IMP;290;27;0.05157850
133;0SS006013IMP;301;30;0.03368360
133;0SS006013IMP;305;30;0.00631758
133;0SS0060330SC;259;60;0.03787041
133;0SS0060330SC;261;59;0.04792883
133;0SS0060330SC;262;60;0.02837838
133;0SS0060330SC;265;56;0.00945946
133;0SS0060330SC;265;57;0.05443820
133;0SS0060330SC;269;55;0.04729730
133;0SS0060330SC;270;55;0.16918946
133;0SS0060330SC;272;51;0.56756757
133;0SS0060330SC;275;54;0.03787041
133;0SV006004BUT;144;215;0.32835821
133;0SV006004BUT;145;215;0.17910448
133;0SV006004BUT;146;213;0.49253731
133;0SV006006COL;136;203;1.00000000
133;0SV006011GLE;136;212;0.30000000
133;0SV006011GLE;138;211;0.70000000
133;0SV006031PLA;154;190;0.76470588
133;0SV006031PLA;154;191;0.00420168
133;0SV006031PLA;155;191;0.23109244
133;0SV006034SAC;148;187;0.03057381
133;0SV006034SAC;150;185;0.27706766
133;0SV006034SAC;150;186;0.11859872
133;0SV006034SAC;151;182;0.00891719
133;0SV006034SAC;151;185;0.03923567
133;0SV006034SAC;151;186;0.07401274
133;0SV006034SAC;152;181;0.00089172
133;0SV006034SAC;152;182;0.01426752
133;0SV006034SAC;152;183;0.05707006
133;0SV006034SAC;153;182;0.28445860
133;0SV006034SAC;153;183;0.00445860
133;0SV006034SAC;153;185;0.00089172
133;0SV006034SAC;153;186;0.08025478
133;0SV006034SAC;154;183;0.00178344
133;0SV006034SAC;154;188;0.00573432
133;0SV006034SAC;155;185;0.00178344
133;0SV006045SHA;129;241;0.00253601
133;0SV006045SHA;133;236;0.01120000
133;0SV006045SHA;133;238;0.43774697
133;0SV006045SHA;133;240;0.03920000
133;0SV006045SHA;133;248;0.02704256
133;0SV006045SHA;134;237;0.39607639
133;0SV006045SHA;134;244;0.02704256
133;0SV006045SHA;135;254;0.02704256
133;0SV006045SHA;143;246;0.02704256
133;0SV006045SHA;144;237;0.00507040
133;0SV0060480YS;142;181;0.25454545
133;0SV0060480YS;143;181;0.44545455
133;0SV0060480YS;144;182;0.30000000
133;0SV0060510FR;147;199;0.11465517
133;0SV0060510FR;147;200;0.30000000
133;0SV0060510FR;148;199;0.07844828
133;0SV0060510FR;150;190;0.50689655
133;0SV006052TEH;135;230;0.10142803
133;0SV006052TEH;135;233;0.00951175
133;0SV006052TEH;136;220;0.78763219
133;0SV006052TEH;136;222;0.10142803
133;0SV0060570YS;136;191;0.01093750
133;0SV0060570YS;140;193;0.13913075
133;0SV0060570YS;141;192;0.15434553
133;0SV0060570YS;145;187;0.04101562
133;0SV0060570YS;149;183;0.01914062
133;0SV0060570YS;149;184;0.42109375
133;0SV0060570YS;149;185;0.21433622
133;0SV0060580FR;148;200;0.06859241
133;0SV0060580FR;148;201;0.00014614
133;0SV0060580FR;148;202;0.00074636
133;0SV0060580FR;148;203;0.00027938
133;0SV0060580FR;149;196;0.01526556
133;0SV0060580FR;149;197;0.00009436
133;0SV0060580FR;149;198;0.00720037
133;0SV0060580FR;149;199;0.06535941
133;0SV0060580FR;149;200;0.26936572
133;0SV0060580FR;149;201;0.00060887
133;0SV0060580FR;149;203;0.00046582
133;0SV0060580FR;149;204;0.00253691
133;0SV0060580FR;150;195;0.02689715
133;0SV0060580FR;150;196;0.03479778
133;0SV0060580FR;150;197;0.09170217
133;0SV0060580FR;150;198;0.10647055
133;0SV0060580FR;150;200;0.00031117
133;0SV0060580FR;150;201;0.02546250
133;0SV0060580FR;151;196;0.01410566
133;0SV0060580FR;151;197;0.09079000
133;0SV0060580FR;151;201;0.00737266
133;0SV0060580FR;151;202;0.01032109
133;0SV0060580FR;152;196;0.08630032
133;0SV0060580FR;152;202;0.01750146
133;0SV0060580FR;153;202;0.01809137
133;0SV0060580FR;154;201;0.00859362
133;0SV0060580FR;154;202;0.01246165
133;0SV0060580FR;155;201;0.01268349
133;0SV0060580FR;159;206;0.00045544
133;0SV0060580FR;159;207;0.00059802
133;0SV0060580FR;160;207;0.00116058
133;0SV0060580FR;160;208;0.00212765
133;0SV0060580FR;160;209;0.00113437
133;GBV006002GBU;181;181;0.05384002
133;GBV006002GBU;181;187;0.00595338
133;GBV006002GBU;181;188;0.05610550
133;GBV006002GBU;182;181;0.01756580
133;GBV006002GBU;182;182;0.01945587
133;GBV006002GBU;182;187;0.07675382
133;GBV006002GBU;182;188;0.01952973
133;GBV006002GBU;183;182;0.00490428
133;GBV006002GBU;183;187;0.00731848
133;GBV006002GBU;183;188;0.10326147
133;GBV006002GBU;183;189;0.08077604
133;GBV006002GBU;183;190;0.01796596
133;GBV006002GBU;184;182;0.00078384
133;GBV006002GBU;184;183;0.00576231
133;GBV006002GBU;184;189;0.00063859
133;GBV006002GBU;184;190;0.10237322
133;GBV006002GBU;185;183;0.00401469
133;GBV006002GBU;185;184;0.00052291
133;GBV006002GBU;185;189;0.06849571
133;GBV006002GBU;185;190;0.01589632
133;GBV006002GBU;186;183;0.00310599
133;GBV006002GBU;186;184;0.00489013
133;GBV006002GBU;186;185;0.00000014
133;GBV006002GBU;186;188;0.01262782
133;GBV006002GBU;186;189;0.03051734
133;GBV006002GBU;186;190;0.08570196
133;GBV006002GBU;187;184;0.00140005
133;GBV006002GBU;187;185;0.00617151
133;GBV006002GBU;187;187;0.00678793
133;GBV006002GBU;187;188;0.00707601
133;GBV006002GBU;187;190;0.02441929
133;GBV006002GBU;187;191;0.07132291
133;GBV006002GBU;187;192;0.00023214
133;GBV006002GBU;188;185;0.00109423
133;GBV006002GBU;188;186;0.00875264
133;GBV006002GBU;188;187;0.02009430
133;GBV006002GBU;189;186;0.01066472
133;GBV006002GBU;189;187;0.01824400
133;GBV006002GBU;190;178;0.00147846
133;GBV006002GBU;190;187;0.02114553
133;GBV006002GBU;191;187;0.00235496
133;GBV006014GBU;221;141;0.12857065
133;GBV006014GBU;228;116;0.21428347
133;GBV006014GBU;230;110;0.65714588
133;GBV006026GBU;204;162;1.00000000
133;NCC006027MBU;141;131;0.00262336
133;NCC006027MBU;143;134;0.00131168
133;NCC006027MBU;144;135;0.00218614
133;NCC006027MBU;144;137;0.00393504
133;NCC006027MBU;146;132;0.00524672
133;NCC006027MBU;146;133;0.57801374
133;NCC006027MBU;146;137;0.00743285
133;NCC006027MBU;147;132;0.11993734
133;NCC006027MBU;147;133;0.09250093
133;NCC006027MBU;148;131;0.00087445
133;NCC006027MBU;148;132;0.00568395
133;NCC006027MBU;149;132;0.00743285
133;NCC006027MBU;150;131;0.00262336
133;NCC006027MBU;153;126;0.00262336
133;NCC006027MBU;155;124;0.00218614
133;NCC006027MBU;158;120;0.00524672
133;NCC006027MBU;158;121;0.00437227
133;NCC006027MBU;159;119;0.08192234
133;NCC006027MBU;166;110;0.07384676
133;NCC006035MBU;152;139;1.00000000
133;NCC006044MBU;138;141;0.11363636
133;NCC006044MBU;144;139;0.88636364
133;NEP006018LAS;158;252;0.34396552
133;NEP006018LAS;159;238;0.06976619
133;NEP006018LAS;161;231;0.34396552
133;NEP006018LAS;168;233;0.01206897
133;NEP006018LAS;172;230;0.22325656
133;NEP006018LAS;176;240;0.00697725
133;NEP006025MOD;171;262;1.00000000
133;NEP006047SIS;130;271;0.04137918
133;NEP006047SIS;130;273;0.04137918
133;NEP006047SIS;130;275;0.00388047
133;NEP006047SIS;132;263;0.08275835
133;NEP006047SIS;133;261;0.08534318
133;NEP006047SIS;135;257;0.00388047
133;NEP006047SIS;135;258;0.70000000
133;NEP006047SIS;138;267;0.04137918
133;SCC006040SLO;167;103;0.22400000
133;SCC006040SLO;167;106;0.20679501
133;SCC006040SLO;168;105;0.30800000
133;SCC006040SLO;170;92;0.16800000
133;SCC006040SLO;175;105;0.09320499
133;SCC0060420SB;171;78;0.00288066
133;SCC0060420SB;172;86;0.65679012
133;SCC0060420SB;174;85;0.04032922
133;SCC0060420SB;178;73;0.30000000
133;SCC006056VEN;199;68;0.00873181
133;SCC006056VEN;202;64;0.60977131
133;SCC006056VEN;202;65;0.02910603
133;SCC006056VEN;203;66;0.04656965
133;SCC006056VEN;204;70;0.23331852
133;SCC006056VEN;206;66;0.06668148
133;SCC006056VEN;211;68;0.00582121
133;SJV006010SJU;177;121;0.00086314
133;SJV006010SJU;180;117;0.17454615
133;SJV006010SJU;183;132;0.00517879
133;SJV006010SJU;185;136;0.24081381
133;SJV006010SJU;186;136;0.11824907
133;SJV006010SJU;186;137;0.00345253
133;SJV006010SJU;187;133;0.01898890
133;SJV006010SJU;187;134;0.04574599
133;SJV006010SJU;187;135;0.00086314
133;SJV006010SJU;188;132;0.00517879
133;SJV006010SJU;188;133;0.18414682
133;SJV006010SJU;188;134;0.11738594
133;SJV006010SJU;189;138;0.00517879
133;SJV006010SJU;190;131;0.05782984
133;SJV006010SJU;190;133;0.00949445
133;SJV006010SJU;192;136;0.00258940
133;SJV006010SJU;196;131;0.00345253
133;SJV006010SJU;197;132;0.00604192
133;SJV006015SJU;190;104;0.01441142
133;SJV006015SJU;195;99;0.01299080
133;SJV006015SJU;196;98;0.03470892
133;SJV006015SJU;196;104;0.00243055
133;SJV006015SJU;199;101;0.00405093
133;SJV006015SJU;200;101;0.03483796
133;SJV006015SJU;201;97;0.00567129
133;SJV006015SJU;201;102;0.09955802
133;SJV006015SJU;203;96;0.08101852
133;SJV006015SJU;204;96;0.04456019
133;SJV006015SJU;204;97;0.01134259
133;SJV006015SJU;204;98;0.19039352
133;SJV006015SJU;204;99;0.00243055
133;SJV006015SJU;205;93;0.00933705
133;SJV006015SJU;206;86;0.00345078
133;SJV006015SJU;206;87;0.12949841
133;SJV006015SJU;206;89;0.00426268
133;SJV006015SJU;206;97;0.01377315
133;SJV006015SJU;207;90;0.04861111
133;SJV006015SJU;207;94;0.04861111
133;SJV006015SJU;207;95;0.04861111
133;SJV006015SJU;207;97;0.03223550
133;SJV006015SJU;208;83;0.01299080
133;SJV006015SJU;208;94;0.04861111
133;SJV006015SJU;209;93;0.04861111
133;SJV006015SJU;212;95;0.01299080
133;SJV006016SJU;183;114;0.26249062
133;SJV006016SJU;190;122;0.32471483
133;SJV006016SJU;190;123;0.03750938
133;SJV006016SJU;192;117;0.30342206
133;SJV006016SJU;192;127;0.07186312
133;SJV006020SJU;172;144;0.07005157
133;SJV006020SJU;179;141;0.23333333
133;SJV006020SJU;179;142;0.22994843
133;SJV006020SJU;185;139;0.46666667
133;SJV006024SJU;160;143;0.11036423
133;SJV006024SJU;160;144;0.09503555
133;SJV006024SJU;160;145;0.00262858
133;SJV006024SJU;161;148;0.01323024
133;SJV006024SJU;165;138;0.02802966
133;SJV006024SJU;165;143;0.01443299
133;SJV006024SJU;165;152;0.03006873
133;SJV006024SJU;165;153;0.02766323
133;SJV006024SJU;166;152;0.05342386
133;SJV006024SJU;167;152;0.38127148
133;SJV006024SJU;169;151;0.00721650
133;SJV006024SJU;172;150;0.14072165
133;SJV006024SJU;173;149;0.08058419
133;SJV006024SJU;174;147;0.01401483
133;SJV006024SJU;176;146;0.00131429
133;SJV006039SJU;149;161;0.02651284
133;SJV006039SJU;150;161;0.15877231
133;SJV006039SJU;152;162;0.00152372
133;SJV006039SJU;152;172;0.13055534
133;SJV006039SJU;154;163;0.00822812
133;SJV006039SJU;154;167;0.00152372
133;SJV006039SJU;155;164;0.14566826
133;SJV006039SJU;155;165;0.00853287
133;SJV006039SJU;155;166;0.11849259
133;SJV006039SJU;155;167;0.03595995
133;SJV006039SJU;155;169;0.00213321
133;SJV006039SJU;155;170;0.00365695
133;SJV006039SJU;155;172;0.00213321
133;SJV006039SJU;156;163;0.00792338
133;SJV006039SJU;156;166;0.12128864
133;SJV006039SJU;156;167;0.01310405
133;SJV006039SJU;156;168;0.01493252
133;SJV006039SJU;157;163;0.02377014
133;SJV006039SJU;158;161;0.00243796
133;SJV006039SJU;158;162;0.13749974
133;SJV006039SJU;159;162;0.00060949
133;SJV006039SJU;161;163;0.03474096
133;SJV006050SJU;154;157;0.08727307
133;SJV006050SJU;155;156;0.09681691
133;SJV006050SJU;158;160;0.00530303
133;SJV006050SJU;159;161;0.00530303
133;SJV006050SJU;160;159;0.10075757
133;SJV006050SJU;161;157;0.07045454
133;SJV006050SJU;161;158;0.13772786
133;SJV006050SJU;162;157;0.00303030
133;SJV006050SJU;162;159;0.06742424
133;SJV006050SJU;162;160;0.00075758
133;SJV006050SJU;162;161;0.08636363
133;SJV006050SJU;163;155;0.22954546
133;SJV006050SJU;163;156;0.01363636
133;SJV006050SJU;164;154;0.08727307
133;SJV006050SJU;166;155;0.00833333
133;SJV006054SJU;193;128;0.06620668
133;SJV006054SJU;195;129;0.00620875
133;SJV006054SJU;196;124;0.31004566
133;SJV006054SJU;197;117;0.13241336
133;SJV006054SJU;197;120;0.19817351
133;SJV006054SJU;197;130;0.02237443
133;SJV006054SJU;198;120;0.01598173
133;SJV006054SJU;198;126;0.01278539
133;SJV006054SJU;198;132;0.03196347
133;SJV006054SJU;199;110;0.09517120
133;SJV006054SJU;199;121;0.06392694
133;SJV006054SJU;200;109;0.04474886
